xof 0303txt 0032
template ColorRGBA {
 <35ff44e0-6c7c-11cf-8f52-0040333594a3>
 FLOAT red;
 FLOAT green;
 FLOAT blue;
 FLOAT alpha;
}

template ColorRGB {
 <d3e16e81-7835-11cf-8f52-0040333594a3>
 FLOAT red;
 FLOAT green;
 FLOAT blue;
}

template Material {
 <3d82ab4d-62da-11cf-ab39-0020af71e433>
 ColorRGBA faceColor;
 FLOAT power;
 ColorRGB specularColor;
 ColorRGB emissiveColor;
 [...]
}

template TextureFilename {
 <a42790e1-7810-11cf-8f52-0040333594a3>
 STRING filename;
}

template Frame {
 <3d82ab46-62da-11cf-ab39-0020af71e433>
 [...]
}

template Matrix4x4 {
 <f6f23f45-7686-11cf-8f52-0040333594a3>
 array FLOAT matrix[16];
}

template FrameTransformMatrix {
 <f6f23f41-7686-11cf-8f52-0040333594a3>
 Matrix4x4 frameMatrix;
}

template Vector {
 <3d82ab5e-62da-11cf-ab39-0020af71e433>
 FLOAT x;
 FLOAT y;
 FLOAT z;
}

template MeshFace {
 <3d82ab5f-62da-11cf-ab39-0020af71e433>
 DWORD nFaceVertexIndices;
 array DWORD faceVertexIndices[nFaceVertexIndices];
}

template Mesh {
 <3d82ab44-62da-11cf-ab39-0020af71e433>
 DWORD nVertices;
 array Vector vertices[nVertices];
 DWORD nFaces;
 array MeshFace faces[nFaces];
 [...]
}

template MeshNormals {
 <f6f23f43-7686-11cf-8f52-0040333594a3>
 DWORD nNormals;
 array Vector normals[nNormals];
 DWORD nFaceNormals;
 array MeshFace faceNormals[nFaceNormals];
}

template MeshMaterialList {
 <f6f23f42-7686-11cf-8f52-0040333594a3>
 DWORD nMaterials;
 DWORD nFaceIndexes;
 array DWORD faceIndexes[nFaceIndexes];
 [Material <3d82ab4d-62da-11cf-ab39-0020af71e433>]
}

template Coords2d {
 <f6f23f44-7686-11cf-8f52-0040333594a3>
 FLOAT u;
 FLOAT v;
}

template MeshTextureCoords {
 <f6f23f40-7686-11cf-8f52-0040333594a3>
 DWORD nTextureCoords;
 array Coords2d textureCoords[nTextureCoords];
}

template XSkinMeshHeader {
 <3cf169ce-ff7c-44ab-93c0-f78f62d172e2>
 WORD nMaxSkinWeightsPerVertex;
 WORD nMaxSkinWeightsPerFace;
 WORD nBones;
}

template SkinWeights {
 <6f0d123b-bad2-4167-a0d0-80224f25fabb>
 STRING transformNodeName;
 DWORD nWeights;
 array DWORD vertexIndices[nWeights];
 array FLOAT weights[nWeights];
 Matrix4x4 matrixOffset;
}

template AnimTicksPerSecond {
 <9e415a43-7ba6-4a73-8743-b73d47e88476>
 DWORD AnimTicksPerSecond;
}

template Animation {
 <3d82ab4f-62da-11cf-ab39-0020af71e433>
 [...]
}

template AnimationSet {
 <3d82ab50-62da-11cf-ab39-0020af71e433>
 [Animation <3d82ab4f-62da-11cf-ab39-0020af71e433>]
}

template FloatKeys {
 <10dd46a9-775b-11cf-8f52-0040333594a3>
 DWORD nValues;
 array FLOAT values[nValues];
}

template TimedFloatKeys {
 <f406b180-7b3b-11cf-8f52-0040333594a3>
 DWORD time;
 FloatKeys tfkeys;
}

template AnimationKey {
 <10dd46a8-775b-11cf-8f52-0040333594a3>
 DWORD keyType;
 DWORD nKeys;
 array TimedFloatKeys keys[nKeys];
}


Material DrownedSailor_Ghost00_MI {
 1.000000;1.000000;1.000000;1.000000;;
 10.000000;
 0.000000;0.000000;0.000000;;
 0.000000;0.000000;0.000000;;

 TextureFilename {
  "DrownedSailor_diff.tga";
 }
}

Frame Dummy_root {
 

 FrameTransformMatrix {
  1.000000,0.000000,0.000000,0.000000,-0.000000,1.000000,-0.000000,0.000000,0.000000,0.000000,1.000000,0.000000,0.000000,0.000000,0.000000,1.000000;;
 }

 Frame FxBottom {
  

  FrameTransformMatrix {
   1.000000,0.000000,0.000000,0.000000,-0.000000,1.000000,-0.000000,0.000000,0.000000,0.000000,1.000000,0.000000,0.000000,0.000000,0.000000,1.000000;;
  }
 }

 Frame Bip01 {
  

  FrameTransformMatrix {
   0.775285,0.090283,-0.625126,0.000000,0.071883,0.970689,0.229340,0.000000,0.627508,-0.222740,0.746070,0.000000,0.000000,0.776849,-0.313603,1.000000;;
  }

  Frame Bip01-Pelvis {
   

   FrameTransformMatrix {
    0.000001,0.000000,-1.000000,0.000000,-1.000000,0.000001,-0.000002,0.000000,0.000001,1.000000,0.000000,0.000000,0.000000,0.000000,0.000000,1.000000;;
   }

   Frame Bip01-Spine {
    

    FrameTransformMatrix {
     0.994684,-0.014664,0.101927,0.000000,0.041133,0.963995,-0.262719,0.000000,-0.094404,0.265515,0.959474,0.000000,0.000452,-0.000006,0.248112,1.000000;;
    }

    Frame Bip01-Spine1 {
     

     FrameTransformMatrix {
      0.974040,0.113176,0.196054,0.000000,-0.098605,0.991694,-0.082584,0.000000,-0.203772,0.061108,0.977109,0.000000,0.000474,0.000055,0.570385,1.000000;;
     }

     Frame Bip01-Neck {
      

      FrameTransformMatrix {
       0.990958,0.000000,0.134171,0.000000,0.000000,1.000000,-0.000000,0.000000,-0.134171,0.000000,0.990958,0.000000,-0.002550,0.000000,0.618088,1.000000;;
      }

      Frame Bip01-Head {
       

       FrameTransformMatrix {
        0.883280,-0.402168,0.240993,0.000000,0.458972,0.846644,-0.269332,0.000000,-0.095719,0.348504,0.932407,0.000000,-0.000000,0.000000,0.045402,1.000000;;
       }

       Frame Bip01-HeadNub {
        

        FrameTransformMatrix {
         1.000000,-0.000000,0.000000,0.000000,-0.000000,1.000000,0.000000,0.000000,-0.000000,-0.000000,1.000000,0.000000,0.000000,-0.000000,0.465698,1.000000;;
        }
       }

       Frame Bip01-Ponytail1 {
        

        FrameTransformMatrix {
         0.676896,-0.148001,0.721046,0.000000,0.232275,0.972475,-0.018443,0.000000,-0.698470,0.179966,0.692641,0.000000,-0.268950,-0.000024,0.083928,1.000000;;
        }

        Frame Bip01-Ponytail1Nub {
         

         FrameTransformMatrix {
          -0.000796,0.000651,-1.000000,0.000000,-0.000654,-1.000000,-0.000651,0.000000,-1.000000,0.000654,0.000796,0.000000,-0.000000,-0.000000,0.229265,1.000000;;
         }
        }
       }

       Frame Bip01-Ponytail2 {
        

        FrameTransformMatrix {
         0.680735,-0.304057,0.666445,0.000000,-0.135326,0.841927,0.522346,0.000000,-0.719921,-0.445767,0.531983,0.000000,-0.168868,-0.000024,0.188117,1.000000;;
        }

        Frame Bip01-Ponytail21 {
         

         FrameTransformMatrix {
          0.897840,0.377422,-0.226797,0.000000,-0.358179,0.925599,0.122373,0.000000,0.256109,-0.028637,0.966224,0.000000,0.000042,0.000017,0.098842,1.000000;;
         }

         Frame Bip01-Ponytail22 {
          

          FrameTransformMatrix {
           0.881280,-0.000286,0.472596,0.000000,-0.170017,0.932856,0.317606,0.000000,-0.440955,-0.360249,0.822058,0.000000,0.000039,0.000000,0.058202,1.000000;;
          }

          Frame Bip01-Ponytail23 {
           

           FrameTransformMatrix {
            0.846145,0.000073,0.532953,0.000000,0.048611,0.995821,-0.077315,0.000000,-0.530732,0.091327,0.842605,0.000000,0.000040,-0.000000,0.055908,1.000000;;
           }

           Frame Bip01-Ponytail24 {
            

            FrameTransformMatrix {
             0.948390,-0.000214,0.317106,0.000000,-0.085137,0.963113,0.255276,0.000000,-0.305463,-0.269099,0.913388,0.000000,0.000075,0.000000,0.059217,1.000000;;
            }

            Frame Bip01-Ponytail2Nub {
             

             FrameTransformMatrix {
              -0.000796,0.000506,-1.000000,0.000000,-0.000509,-1.000000,-0.000505,0.000000,-1.000000,0.000508,0.000796,0.000000,0.000000,0.000000,0.100001,1.000000;;
             }
            }
           }
          }
         }
        }
       }

       Frame FxTop {
        

        FrameTransformMatrix {
         -0.296544,-0.949903,-0.098727,0.000000,0.832692,-0.307795,0.460312,0.000000,-0.467639,0.054294,0.882251,0.000000,-0.089556,-0.000000,0.451953,1.000000;;
        }
       }
      }

      Frame Bip01-L-Clavicle {
       

       FrameTransformMatrix {
        -0.819167,0.562598,0.111574,0.000000,0.310659,0.271691,0.910865,0.000000,0.482137,0.780812,-0.397337,0.000000,0.001638,0.203162,-0.006912,1.000000;;
       }

       Frame Bip01-L-UpperArm {
        

        FrameTransformMatrix {
         0.706759,0.668991,-0.230090,0.000000,-0.559432,0.727581,0.397068,0.000000,0.433045,-0.151912,0.888479,0.000000,-0.000000,0.000000,0.366500,1.000000;;
        }

        Frame Bip01-L-Forearm {
         

         FrameTransformMatrix {
          0.426499,0.000000,-0.904488,0.000000,0.000000,1.000000,0.000000,0.000000,0.904488,-0.000000,0.426499,0.000000,-0.000000,0.000000,0.675671,1.000000;;
         }

         Frame Bip01-L-Hand {
          

          FrameTransformMatrix {
           0.376852,0.891644,-0.250905,0.000000,-0.702917,0.451695,0.549436,0.000000,0.603233,-0.030691,0.796974,0.000000,-0.000000,0.000000,0.559024,1.000000;;
          }

          Frame Bip01-L-Finger0 {
           

           FrameTransformMatrix {
            0.270919,-0.603307,-0.750082,0.000000,0.931785,-0.031226,0.361664,0.000000,-0.241617,-0.796897,0.553693,0.000000,-0.148845,-0.168724,0.106957,1.000000;;
           }

           Frame Bip01-L-Finger01 {
            

            FrameTransformMatrix {
             0.657901,0.000000,0.753104,0.000000,0.000000,1.000000,0.000000,0.000000,-0.753104,0.000000,0.657901,0.000000,-0.000000,0.000000,0.154430,1.000000;;
            }

            Frame Bip01-L-Finger02 {
             

             FrameTransformMatrix {
              0.905173,-0.000000,0.425044,0.000000,-0.000000,1.000000,0.000000,0.000000,-0.425044,-0.000000,0.905173,0.000000,0.000000,-0.000000,0.143797,1.000000;;
             }

             Frame Bip01-L-Finger0Nub {
              

              FrameTransformMatrix {
               1.000000,0.000000,0.000000,0.000000,0.000000,1.000000,0.000000,0.000000,-0.000000,-0.000000,1.000000,0.000000,0.000000,0.000000,0.169644,1.000000;;
              }
             }
            }
           }
          }

          Frame Bip01-L-Finger1 {
           

           FrameTransformMatrix {
            0.821763,0.191207,-0.536792,0.000000,-0.076936,0.970626,0.227961,0.000000,0.564612,-0.146031,0.812335,0.000000,-0.000031,-0.129938,0.446961,1.000000;;
           }

           Frame Bip01-L-Finger11 {
            

            FrameTransformMatrix {
             0.398104,-0.000000,0.917341,0.000000,0.000000,1.000000,-0.000000,0.000000,-0.917340,0.000000,0.398104,0.000000,-0.000000,-0.000000,0.105154,1.000000;;
            }

            Frame Bip01-L-Finger12 {
             

             FrameTransformMatrix {
              0.792089,-0.000000,0.610406,0.000000,0.000000,1.000000,0.000000,0.000000,-0.610406,-0.000000,0.792089,0.000000,-0.000000,0.000000,0.098012,1.000000;;
             }

             Frame Bip01-L-Finger1Nub {
              

              FrameTransformMatrix {
               1.000000,-0.000000,-0.000000,0.000000,-0.000000,1.000000,-0.000000,0.000000,-0.000000,-0.000000,1.000000,0.000000,-0.000000,0.000000,0.122793,1.000000;;
              }
             }
            }
           }
          }

          Frame Bip01-L-Finger2 {
           

           FrameTransformMatrix {
            0.982511,0.031437,-0.183533,0.000000,-0.013897,0.995276,0.096083,0.000000,0.185686,-0.091851,0.978307,0.000000,0.026908,-0.018834,0.465326,1.000000;;
           }

           Frame Bip01-L-Finger21 {
            

            FrameTransformMatrix {
             0.306439,0.000000,0.951890,0.000000,-0.000000,1.000000,-0.000000,0.000000,-0.951890,-0.000000,0.306439,0.000000,0.000000,-0.000000,0.150767,1.000000;;
            }

            Frame Bip01-L-Finger22 {
             

             FrameTransformMatrix {
              0.779235,0.000000,0.626732,0.000000,0.000000,1.000000,-0.000000,0.000000,-0.626732,0.000000,0.779235,0.000000,-0.000000,-0.000000,0.111196,1.000000;;
             }

             Frame Bip01-L-Finger2Nub {
              

              FrameTransformMatrix {
               1.000000,-0.000000,0.000000,0.000000,-0.000000,1.000000,-0.000000,0.000000,-0.000000,-0.000000,1.000000,0.000000,0.000000,-0.000000,0.140709,1.000000;;
              }
             }
            }
           }
          }

          Frame Bip01-L-Finger3 {
           

           FrameTransformMatrix {
            0.947557,0.126997,-0.293270,0.000000,-0.190100,0.961634,-0.197792,0.000000,0.256900,0.243170,0.935345,0.000000,0.023166,0.083592,0.466086,1.000000;;
           }

           Frame Bip01-L-Finger31 {
            

            FrameTransformMatrix {
             0.345273,0.000000,0.938502,0.000000,0.000000,1.000000,-0.000000,0.000000,-0.938502,-0.000000,0.345273,0.000000,-0.000000,-0.000000,0.145381,1.000000;;
            }

            Frame Bip01-L-Finger32 {
             

             FrameTransformMatrix {
              0.884263,0.000000,0.466990,0.000000,-0.000000,1.000000,-0.000000,0.000000,-0.466990,-0.000000,0.884263,0.000000,0.000000,0.000000,0.099241,1.000000;;
             }

             Frame Bip01-L-Finger3Nub {
              

              FrameTransformMatrix {
               1.000000,0.000000,-0.000000,0.000000,-0.000000,1.000000,-0.000000,0.000000,-0.000000,0.000000,1.000000,0.000000,0.000000,0.000000,0.127769,1.000000;;
              }
             }
            }
           }
          }

          Frame Bip01-L-Finger4 {
           

           FrameTransformMatrix {
            0.984633,0.155969,0.078565,0.000000,-0.124998,0.943579,-0.306648,0.000000,-0.121960,0.292115,0.948575,0.000000,-0.000143,0.179124,0.446665,1.000000;;
           }

           Frame Bip01-L-Finger41 {
            

            FrameTransformMatrix {
             0.549102,0.000000,0.835755,0.000000,0.000000,1.000000,-0.000000,0.000000,-0.835755,0.000000,0.549102,0.000000,-0.000000,0.000000,0.137225,1.000000;;
            }

            Frame Bip01-L-Finger42 {
             

             FrameTransformMatrix {
              0.894788,0.000000,0.446491,0.000000,-0.000000,1.000000,0.000000,0.000000,-0.446491,-0.000000,0.894788,0.000000,-0.000000,-0.000000,0.079454,1.000000;;
             }

             Frame Bip01-L-Finger4Nub {
              

              FrameTransformMatrix {
               1.000000,-0.000000,0.000000,0.000000,-0.000000,1.000000,-0.000000,0.000000,0.000000,0.000000,1.000000,0.000000,-0.000000,0.000000,0.088758,1.000000;;
              }
             }
            }
           }
          }

          Frame FxHand00 {
           

           FrameTransformMatrix {
            -0.317457,-0.905981,0.280037,0.000000,0.937799,-0.256179,0.234317,0.000000,-0.140547,0.337004,0.930954,0.000000,-0.197337,-0.016380,0.384717,1.000000;;
           }
          }
         }
        }
       }
      }

      Frame Bip01-R-Clavicle {
       

       FrameTransformMatrix {
        -0.968715,-0.210194,0.131942,0.000000,-0.058532,-0.323146,-0.944537,0.000000,0.241173,-0.922711,0.300734,0.000000,0.001637,-0.203162,-0.006912,1.000000;;
       }

       Frame Bip01-R-UpperArm {
        

        FrameTransformMatrix {
         0.962466,-0.220716,0.157936,0.000000,0.271355,0.771720,-0.575165,0.000000,0.005066,0.596433,0.802647,0.000000,-0.000000,-0.000000,0.445163,1.000000;;
        }

        Frame Bip01-R-Forearm {
         

         FrameTransformMatrix {
          0.017685,-0.000000,-0.999844,0.000000,0.000000,1.000000,0.000000,0.000000,0.999844,-0.000000,0.017685,0.000000,0.000000,-0.000000,0.716683,1.000000;;
         }

         Frame Bip01-R-Hand {
          

          FrameTransformMatrix {
           -0.353626,-0.898810,-0.259016,0.000000,0.834763,-0.178305,-0.520939,0.000000,0.422041,-0.400435,0.813347,0.000000,0.000000,-0.000000,0.587434,1.000000;;
          }

          Frame Bip01-R-Finger0 {
           

           FrameTransformMatrix {
            -0.609252,0.458384,-0.647067,0.000000,-0.659225,-0.746294,0.092023,0.000000,-0.440721,0.482628,0.756859,0.000000,-0.164481,0.109345,0.173772,1.000000;;
           }

           Frame Bip01-R-Finger01 {
            

            FrameTransformMatrix {
             0.947466,-0.000000,0.319857,0.000000,0.000000,1.000000,-0.000000,0.000000,-0.319857,0.000000,0.947466,0.000000,-0.000000,0.000000,0.459719,1.000000;;
            }

            Frame Bip01-R-Finger02 {
             

             FrameTransformMatrix {
              0.762428,-0.000000,0.647074,0.000000,0.000000,1.000000,-0.000000,0.000000,-0.647074,0.000000,0.762428,0.000000,0.000000,0.000000,0.451972,1.000000;;
             }

             Frame Bip01-R-Finger0Nub {
              

              FrameTransformMatrix {
               -1.000000,-0.000000,-0.000690,0.000000,-0.000000,1.000000,-0.000000,0.000000,0.000690,-0.000000,-1.000000,0.000000,-0.000000,-0.000000,0.614691,1.000000;;
              }
             }
            }
           }
          }

          Frame Bip01-R-Finger1 {
           

           FrameTransformMatrix {
            0.780905,-0.540556,-0.313029,0.000000,0.527743,0.839031,-0.132341,0.000000,0.334179,-0.061853,0.940478,0.000000,0.155877,-0.093908,0.432145,1.000000;;
           }

           Frame Bip01-R-Finger11 {
            

            FrameTransformMatrix {
             0.810950,0.000000,0.585115,0.000000,-0.000000,1.000000,-0.000000,0.000000,-0.585115,0.000000,0.810950,0.000000,-0.000000,0.000000,0.605294,1.000000;;
            }

            Frame Bip01-R-Finger12 {
             

             FrameTransformMatrix {
              0.842609,-0.000000,0.538526,0.000000,0.000000,1.000000,-0.000000,0.000000,-0.538526,0.000000,0.842609,0.000000,-0.000000,0.000000,0.504177,1.000000;;
             }

             Frame Bip01-R-Finger1Nub {
              

              FrameTransformMatrix {
               -1.000000,-0.000000,0.000691,0.000000,0.000000,1.000000,-0.000000,0.000000,-0.000691,0.000000,-1.000000,0.000000,-0.000000,-0.000000,0.559565,1.000000;;
              }
             }
            }
           }
          }

          Frame Bip01-R-Finger2 {
           

           FrameTransformMatrix {
            0.821565,-0.005960,0.570083,0.000000,0.005155,0.999982,0.003025,0.000000,-0.570091,0.000454,0.821582,0.000000,0.026908,0.018835,0.465326,1.000000;;
           }

           Frame Bip01-R-Finger21 {
            

            FrameTransformMatrix {
             0.976993,0.000000,0.213271,0.000000,-0.000000,1.000000,0.000000,0.000000,-0.213271,-0.000000,0.976993,0.000000,-0.000000,0.000000,0.046886,1.000000;;
            }

            Frame Bip01-R-Finger22 {
             

             FrameTransformMatrix {
              0.986287,0.000000,0.165042,0.000000,-0.000000,1.000000,-0.000000,0.000000,-0.165042,-0.000000,0.986287,0.000000,-0.000000,-0.000000,0.034580,1.000000;;
             }

             Frame Bip01-R-Finger2Nub {
              

              FrameTransformMatrix {
               -1.000000,-0.000000,0.000691,0.000000,-0.000000,1.000000,0.000000,0.000000,-0.000690,0.000000,-1.000000,0.000000,0.000000,0.000000,0.043759,1.000000;;
              }
             }
            }
           }
          }

          Frame Bip01-R-Finger3 {
           

           FrameTransformMatrix {
            0.722270,-0.256089,0.642452,0.000000,0.209503,0.966290,0.149642,0.000000,-0.659116,0.026514,0.751573,0.000000,0.023166,-0.083592,0.466086,1.000000;;
           }

           Frame Bip01-R-Finger31 {
            

            FrameTransformMatrix {
             0.995978,0.000000,0.089594,0.000000,-0.000000,1.000000,0.000000,0.000000,-0.089594,0.000000,0.995978,0.000000,-0.000000,0.000000,0.045211,1.000000;;
            }

            Frame Bip01-R-Finger32 {
             

             FrameTransformMatrix {
              0.977402,0.000000,0.211388,0.000000,-0.000000,1.000000,-0.000000,0.000000,-0.211388,0.000000,0.977402,0.000000,0.000000,-0.000000,0.030863,1.000000;;
             }

             Frame Bip01-R-Finger3Nub {
              

              FrameTransformMatrix {
               -1.000000,0.000000,0.000691,0.000000,0.000000,1.000000,-0.000000,0.000000,-0.000691,-0.000000,-1.000000,0.000000,-0.000000,-0.000000,0.039735,1.000000;;
              }
             }
            }
           }
          }

          Frame Bip01-R-Finger4 {
           

           FrameTransformMatrix {
            0.703586,-0.302216,0.643142,0.000000,0.260357,0.951755,0.162409,0.000000,-0.661196,0.053177,0.748326,0.000000,-0.000143,-0.179124,0.446665,1.000000;;
           }

           Frame Bip01-R-Finger41 {
            

            FrameTransformMatrix {
             0.989078,0.000000,0.147394,0.000000,0.000000,1.000000,-0.000000,0.000000,-0.147394,0.000000,0.989078,0.000000,0.000000,0.000000,0.042675,1.000000;;
            }

            Frame Bip01-R-Finger42 {
             

             FrameTransformMatrix {
              0.989690,-0.000000,0.143224,0.000000,0.000000,1.000000,-0.000000,0.000000,-0.143224,0.000000,0.989690,0.000000,-0.000000,-0.000000,0.024709,1.000000;;
             }

             Frame Bip01-R-Finger4Nub {
              

              FrameTransformMatrix {
               -1.000000,0.000000,-0.000690,0.000000,0.000000,1.000000,-0.000000,0.000000,0.000690,0.000000,-1.000000,0.000000,0.000000,0.000000,0.027602,1.000000;;
              }
             }
            }
           }
          }

          Frame FxHand01 {
           

           FrameTransformMatrix {
            -0.095367,-0.890405,0.445067,0.000000,0.979227,-0.003542,0.202738,0.000000,-0.178942,0.455156,0.872246,0.000000,-0.256953,0.133573,0.808027,1.000000;;
           }
          }
         }
        }
       }
      }
     }

     Frame Bone01 {
      

      FrameTransformMatrix {
       0.257387,0.689441,0.677070,0.000000,0.959608,-0.099994,-0.262973,0.000000,-0.113601,0.717407,-0.687330,0.000000,0.776002,-0.484905,0.557083,1.000000;;
      }

      Frame Bone02 {
       

       FrameTransformMatrix {
        0.974933,-0.160729,-0.153856,0.000000,0.206206,0.912439,0.353460,0.000000,0.083573,-0.376326,0.922710,0.000000,-0.000000,-0.000000,0.863881,1.000000;;
       }

       Frame Bone03 {
        

        FrameTransformMatrix {
         0.975264,-0.208472,-0.073484,0.000000,0.220752,0.935661,0.275331,0.000000,0.011357,-0.284742,0.958537,0.000000,0.000000,-0.000000,0.317308,1.000000;;
        }
       }
      }
     }
    }

    Frame Bip01-L-Thigh {
     

     FrameTransformMatrix {
      -0.069360,0.243219,-0.967489,0.000000,-0.815644,-0.572221,-0.085377,0.000000,-0.574382,0.783204,0.238069,0.000000,-0.031259,0.428035,-0.138069,1.000000;;
     }

     Frame Bip01-L-Calf {
      

      FrameTransformMatrix {
       0.271601,-0.000000,-0.962410,0.000000,-0.000000,1.000000,-0.000000,0.000000,0.962410,0.000000,0.271601,0.000000,-0.000000,0.000000,0.543872,1.000000;;
      }

      Frame Bip01-L-Foot {
       

       FrameTransformMatrix {
        0.999379,-0.004583,-0.034929,0.000000,-0.000629,0.989024,-0.147750,0.000000,0.035222,0.147681,0.988408,0.000000,0.000000,-0.000000,0.409439,1.000000;;
       }

       Frame Bip01-L-Toe0 {
        

        FrameTransformMatrix {
         -0.000000,-0.000000,1.000000,0.000000,-0.000000,1.000000,0.000000,0.000000,-1.000000,0.000000,0.000000,0.000000,-0.306575,0.000000,0.206401,1.000000;;
        }

        Frame Bip01-L-Toe0Nub {
         

         FrameTransformMatrix {
          -1.000000,-0.000000,-0.000690,0.000000,-0.000000,1.000000,0.000000,0.000000,0.000690,0.000000,-1.000000,0.000000,-0.000000,-0.000000,0.200641,1.000000;;
         }
        }
       }
      }
     }
    }

    Frame Bip01-R-Thigh {
     

     FrameTransformMatrix {
      0.465376,0.260810,-0.845816,0.000000,0.616230,-0.781433,0.098098,0.000000,-0.635363,-0.566870,-0.524379,0.000000,-0.020218,-0.297692,-0.337956,1.000000;;
     }

     Frame Bip01-R-Calf {
      

      FrameTransformMatrix {
       0.348164,-0.000000,-0.937434,0.000000,0.000000,1.000000,0.000000,0.000000,0.937434,0.000000,0.348163,0.000000,-0.000000,0.000000,0.543872,1.000000;;
      }

      Frame Bip01-R-Foot {
       

       FrameTransformMatrix {
        0.943367,0.110098,0.312948,0.000000,-0.254999,0.844066,0.471730,0.000000,-0.212212,-0.524815,0.824339,0.000000,0.000000,0.000000,0.409439,1.000000;;
       }

       Frame Bip01-R-Toe0 {
        

        FrameTransformMatrix {
         -0.017851,0.001577,0.999840,0.000000,0.000181,0.999999,-0.001574,0.000000,-0.999841,0.000153,-0.017852,0.000000,-0.306575,0.000000,0.206401,1.000000;;
        }

        Frame Bip01-R-Toe0Nub {
         

         FrameTransformMatrix {
          1.000000,-0.000000,-0.000000,0.000000,-0.000000,1.000000,0.000000,0.000000,0.000000,-0.000000,1.000000,0.000000,-0.000000,0.000000,0.200641,1.000000;;
         }
        }
       }
      }
     }
    }

    Frame FxCenter {
     

     FrameTransformMatrix {
      -0.605475,-0.792069,-0.077640,0.000000,0.321819,-0.332887,0.886352,0.000000,-0.727896,0.511678,0.456457,0.000000,-0.382096,0.000001,0.114204,1.000000;;
     }
    }

    Frame Bone04 {
     

     FrameTransformMatrix {
      0.497172,0.000411,-0.867652,0.000000,-0.000413,-1.000000,-0.000710,0.000000,-0.867652,0.000712,-0.497172,0.000000,-0.459120,0.000001,0.165327,1.000000;;
     }
    }
   }
  }
 }
}

Frame DrownedSailor_Ghost_skel {
 

 FrameTransformMatrix {
  1.000000,0.000000,0.000000,0.000000,0.000000,1.000000,0.000000,0.000000,0.000000,0.000000,1.000000,0.000000,0.000000,0.000000,0.000000,1.000000;;
 }

 Mesh DrownedSailor_Ghost_skel {
  6027;
  0.481787;0.202951;-0.400572;,
  0.556551;0.213833;-0.473756;,
  0.438002;0.195354;-0.439351;,
  -0.512339;1.900367;0.156520;,
  -0.516123;1.890130;0.042081;,
  -0.467016;1.891119;0.185914;,
  -0.543879;1.906067;0.045778;,
  -0.608784;1.932318;-0.087051;,
  -0.543879;1.906067;0.045778;,
  -0.571806;1.928891;-0.108339;,
  -0.473745;2.007792;0.362458;,
  -0.399883;2.086349;0.398615;,
  -0.465833;2.094360;0.402723;,
  -0.429061;1.999133;0.362595;,
  -0.455737;1.928822;0.273513;,
  -0.427045;1.917372;0.298992;,
  -0.494660;1.938742;0.265860;,
  -0.534049;1.940519;0.271960;,
  -0.537612;2.001969;0.336168;,
  -0.455737;1.928822;0.273513;,
  -0.473745;2.007792;0.362458;,
  -0.494660;1.938742;0.265860;,
  -0.606402;1.935561;0.267913;,
  -0.600179;2.005956;0.315726;,
  -0.676531;1.996317;0.291716;,
  -0.753068;2.173111;0.304838;,
  -0.791459;2.202636;0.293932;,
  -0.778167;2.119202;0.274974;,
  -0.691031;2.125788;0.336771;,
  -0.720328;2.092394;0.313292;,
  -0.770646;2.056141;0.268917;,
  -0.666330;2.069470;0.327250;,
  -0.621683;2.090528;0.353073;,
  -0.536196;2.078592;0.378856;,
  -0.546390;2.145196;0.390903;,
  -0.622257;2.135808;0.372137;,
  -0.666330;2.069470;0.327250;,
  -0.691031;2.125788;0.336771;,
  -0.720328;2.092394;0.313292;,
  -0.464184;2.200318;0.414609;,
  -0.591197;2.190971;0.402448;,
  -0.644911;2.167134;0.376440;,
  -0.527495;2.390576;0.347278;,
  -0.426461;2.358638;0.362386;,
  -0.463299;2.412940;0.317906;,
  -0.483981;2.334270;0.397822;,
  -0.601183;2.284606;0.382462;,
  -0.576894;2.247256;0.404744;,
  -0.473738;2.275311;0.404595;,
  -0.391258;2.207890;0.398479;,
  -0.410215;2.291386;0.377606;,
  -0.356804;2.201968;0.380924;,
  -0.366446;2.082382;0.406227;,
  -0.390832;1.981704;0.382640;,
  -0.436922;2.490439;0.248516;,
  -0.368932;2.373972;0.343734;,
  -0.829501;2.400462;0.134128;,
  -0.740839;2.437846;0.227858;,
  -0.755507;2.467092;0.126796;,
  -0.660089;2.503970;0.087106;,
  -0.629714;2.512900;0.180533;,
  -0.558162;2.525874;0.142600;,
  -0.593572;2.477676;0.251024;,
  -0.540815;2.510587;0.176447;,
  -0.497854;2.467361;0.276565;,
  -0.493738;2.535030;0.109624;,
  -0.607073;2.524841;0.042191;,
  -0.636432;2.489323;-0.050592;,
  -0.589042;2.497804;-0.063816;,
  -0.663103;2.378452;-0.176261;,
  -0.633439;2.377094;-0.201821;,
  -0.640643;2.253288;-0.240567;,
  -0.668647;2.239892;-0.232190;,
  -0.701284;2.329449;-0.192689;,
  -0.697104;2.225631;-0.223544;,
  -0.743417;2.309484;-0.166584;,
  -0.734802;2.196878;-0.200725;,
  -0.781753;2.270339;-0.148312;,
  -0.683981;2.123234;-0.291585;,
  -0.608784;1.932318;-0.087051;,
  -0.657061;2.001589;-0.243635;,
  -0.571806;1.928891;-0.108339;,
  -0.685608;1.995602;-0.205675;,
  -0.720263;2.102508;-0.250582;,
  -0.736905;2.089277;-0.221747;,
  -0.701353;2.116517;-0.277680;,
  -0.662236;1.994328;-0.281629;,
  -0.665437;2.131762;-0.298220;,
  -0.801705;2.232101;-0.136381;,
  -0.762387;2.168379;-0.189250;,
  -0.809274;2.351760;-0.054553;,
  -0.843735;2.283104;-0.056601;,
  -0.866408;2.332882;0.022727;,
  -0.904649;2.272081;0.010653;,
  -0.891991;2.241705;0.108192;,
  -0.863659;2.315394;0.118656;,
  -0.831378;2.391785;0.029971;,
  -0.759155;2.447465;0.018215;,
  -0.752625;2.399222;-0.075381;,
  -0.696838;2.420309;-0.103449;,
  -0.687754;2.481225;-0.033495;,
  -0.696838;2.420309;-0.103449;,
  -0.825910;1.230544;0.066004;,
  -0.807280;1.244261;0.181970;,
  -0.848530;1.194493;0.092631;,
  -0.910396;1.202861;-0.000112;,
  -0.879100;1.272529;-0.076858;,
  -0.773168;1.309016;0.011626;,
  -0.857857;1.367362;-0.146435;,
  -0.926073;1.167931;0.034877;,
  -0.707134;1.442016;-0.065105;,
  -0.730177;1.389171;-0.033792;,
  -0.746559;1.358220;0.109746;,
  -0.783993;1.281354;0.160726;,
  -0.821411;1.269412;0.223267;,
  -0.799588;1.311230;0.208711;,
  -0.838801;1.293792;0.267375;,
  -0.824917;1.346992;0.269687;,
  -0.716507;1.431705;0.073654;,
  -0.763940;1.370936;0.203089;,
  -0.743498;1.426449;0.201995;,
  -0.810612;1.393512;0.262287;,
  -0.726378;1.475174;0.166048;,
  -0.698635;1.504993;0.045419;,
  -0.691292;1.539659;-0.092305;,
  -0.701406;1.558509;0.025891;,
  -0.701750;1.620442;0.031186;,
  -0.732504;1.630327;0.158635;,
  -0.803964;1.436383;0.259677;,
  -0.828280;1.412020;0.306851;,
  -0.767591;1.665986;0.195182;,
  -0.808020;1.641171;0.233678;,
  -0.764081;1.609455;0.203979;,
  -0.730461;1.574391;0.178242;,
  -1.124746;1.582399;0.339397;,
  -1.261286;1.458022;0.300026;,
  -1.135547;1.466753;0.377308;,
  -1.013699;1.512820;0.371439;,
  -1.023536;1.447209;0.390929;,
  -0.874379;1.439458;0.333517;,
  -0.895088;1.392014;0.340764;,
  -0.847512;1.362741;0.295469;,
  -0.870151;1.485382;0.332110;,
  -0.884200;1.545522;0.337467;,
  -1.028876;1.588795;0.358635;,
  -1.166022;1.689491;0.257687;,
  -1.129211;1.653072;0.321351;,
  -1.057940;1.670264;0.345153;,
  -0.909769;1.628836;0.335484;,
  -0.854960;1.608753;0.295317;,
  -0.924313;1.711421;0.335727;,
  -0.822093;1.709199;0.231442;,
  -1.265291;1.566151;0.245122;,
  -1.225144;1.694630;0.209289;,
  -1.269899;1.644244;0.193665;,
  -1.263194;1.707534;0.157813;,
  -1.146702;1.680096;-0.229723;,
  -1.250767;1.628925;-0.055972;,
  -1.232771;1.688844;-0.100669;,
  -1.232689;1.765207;0.125188;,
  -1.262014;1.571227;0.004278;,
  -1.286831;1.492055;0.092966;,
  -1.289965;1.402023;0.157890;,
  -1.235825;1.326188;-0.008544;,
  -1.136588;1.901177;0.149634;,
  -1.224847;1.808535;0.073898;,
  -1.158495;1.837802;0.151635;,
  -1.047635;1.918326;0.174024;,
  -1.047143;1.884451;0.192868;,
  -1.208595;1.755603;-0.137775;,
  -1.201017;1.866753;0.010738;,
  -1.123025;1.936392;0.117850;,
  -1.022214;1.970254;0.158502;,
  -0.971189;1.941904;0.197316;,
  -0.966503;2.035619;0.192583;,
  -0.915316;1.980406;0.247562;,
  -0.858221;2.091477;0.215646;,
  -1.065035;1.997747;0.091015;,
  -1.142012;1.927802;-0.028022;,
  -1.004791;2.082110;0.120228;,
  -1.056463;1.998295;0.015230;,
  -1.063988;2.010036;-0.074137;,
  -1.154454;1.856438;-0.175990;,
  -0.897847;2.153913;0.171400;,
  -0.936838;2.177398;0.078137;,
  -1.005496;2.094196;0.038348;,
  -0.946592;2.202874;-0.020716;,
  -1.016234;2.125451;-0.061224;,
  -0.967144;2.111218;-0.131812;,
  -0.762387;2.168379;-0.189250;,
  -0.863426;2.172938;-0.159282;,
  -0.801705;2.232101;-0.136381;,
  -0.843735;2.283104;-0.056601;,
  -0.915345;2.190810;-0.081643;,
  -0.904649;2.272081;0.010653;,
  -0.891991;2.241705;0.108192;,
  -0.936838;2.177398;0.078137;,
  -0.884196;2.222145;0.188477;,
  -1.108974;1.776488;-0.271095;,
  -1.089484;1.937643;-0.176559;,
  -1.046008;2.007828;-0.168813;,
  -0.926597;2.098309;-0.206537;,
  -0.809498;2.119009;-0.223045;,
  -0.736905;2.089277;-0.221747;,
  -1.071083;1.896196;-0.269107;,
  -0.939093;1.980505;-0.308002;,
  -1.006150;1.857089;-0.305992;,
  -1.008115;2.005447;-0.247182;,
  -0.857076;2.057184;-0.256040;,
  -0.792897;1.975942;-0.269590;,
  -0.860614;1.905141;-0.322539;,
  -0.763192;2.031747;-0.245410;,
  -0.706836;1.956470;-0.207950;,
  -0.738924;1.891090;-0.226928;,
  -0.796957;1.826692;-0.293915;,
  -0.939820;1.814003;-0.314617;,
  -0.859759;1.756890;-0.308680;,
  -0.685608;1.995602;-0.205675;,
  -0.608784;1.932318;-0.087051;,
  -0.630856;1.898968;-0.088138;,
  -0.671036;1.816734;-0.126719;,
  -0.723523;1.736508;-0.213657;,
  -0.764486;1.655491;-0.244564;,
  -0.904477;1.694923;-0.307198;,
  -0.817283;1.581078;-0.253293;,
  -0.960964;1.574476;-0.278431;,
  -0.840612;1.435866;-0.201753;,
  -0.857857;1.367362;-0.146435;,
  -0.990606;1.297581;-0.115323;,
  -0.969396;1.389577;-0.192813;,
  -0.946399;1.462198;-0.241928;,
  -1.055464;1.513048;-0.253073;,
  -1.033938;1.580625;-0.286488;,
  -1.152894;1.574986;-0.197418;,
  -1.099343;1.622738;-0.265236;,
  -1.080922;1.427845;-0.217962;,
  -1.192779;1.504833;-0.147726;,
  -1.000635;1.693992;-0.332874;,
  -1.063842;1.732319;-0.320887;,
  -1.231336;1.408842;-0.071763;,
  -1.105524;1.325773;-0.143295;,
  -1.114005;1.255156;-0.060953;,
  -1.271215;1.306672;0.197614;,
  -1.239657;1.339049;0.336398;,
  -1.227695;1.244219;0.063597;,
  -1.112772;1.207713;-0.004507;,
  -1.009386;1.227121;-0.047383;,
  -0.879100;1.272529;-0.076858;,
  -1.013555;1.182841;-0.013012;,
  -0.910396;1.202861;-0.000112;,
  -0.926073;1.167931;0.034877;,
  -0.014767;1.428514;0.571305;,
  -0.016350;1.495040;0.536425;,
  -0.053981;1.378170;0.555742;,
  0.014783;1.358320;0.531162;,
  0.107471;1.330063;0.549186;,
  0.092477;1.389940;0.531202;,
  0.083241;1.470881;0.570508;,
  0.053895;1.534193;0.515744;,
  -0.023906;1.503694;0.551317;,
  -0.164871;1.387526;0.541056;,
  -0.180956;1.273985;0.518400;,
  -0.321503;1.316093;0.471886;,
  -0.132112;1.508374;0.541929;,
  -0.013921;1.651556;0.528337;,
  -0.296807;1.419466;0.491078;,
  -0.253319;1.535952;0.496156;,
  -0.225442;1.654932;0.508480;,
  -0.105561;1.638510;0.539142;,
  -0.036801;1.773340;0.515450;,
  -0.103331;1.754629;0.529691;,
  -0.223289;1.753738;0.512946;,
  -0.357486;1.696386;0.459120;,
  -0.400838;1.586116;0.422262;,
  -0.521771;1.669107;0.278889;,
  -0.561586;1.572817;0.259865;,
  -0.618788;1.703123;0.055012;,
  -0.658745;1.535137;0.000372;,
  -0.630958;1.666661;-0.221065;,
  -0.613090;1.805345;-0.197378;,
  -0.504663;1.851547;0.053150;,
  -0.467307;1.775887;0.337936;,
  -0.333882;1.776538;0.478027;,
  -0.233111;1.833755;0.532022;,
  -0.110279;1.844872;0.538542;,
  -0.251761;1.925673;0.523343;,
  -0.332839;1.843030;0.500852;,
  -0.433458;1.827141;0.383743;,
  -0.456169;1.848827;0.258092;,
  -0.398995;1.887167;0.414633;,
  -0.335420;1.913787;0.490482;,
  -0.281444;2.001046;0.488457;,
  -0.175838;2.028979;0.493930;,
  -0.315742;2.095378;0.438098;,
  -0.212205;2.123104;0.452843;,
  -0.343619;1.984909;0.444040;,
  -0.245391;2.246952;0.400582;,
  -0.349745;2.388499;0.346245;,
  -0.320442;2.208148;0.408512;,
  -0.158228;2.261048;0.381839;,
  -0.116333;2.143711;0.443202;,
  -0.097024;2.053174;0.470842;,
  -0.141744;1.946286;0.525927;,
  -0.066120;1.965966;0.529230;,
  -0.048194;1.872373;0.531070;,
  -0.070123;1.958254;0.506532;,
  -0.098313;2.044488;0.444635;,
  -0.102648;2.136078;0.414717;,
  -0.155099;2.251601;0.349094;,
  -0.213725;2.458396;0.279615;,
  0.038341;2.000687;0.467274;,
  -0.203914;2.446347;0.249300;,
  0.082785;1.819098;0.458004;,
  0.199675;1.690391;0.422294;,
  0.204301;1.852769;0.439691;,
  0.087910;1.891762;0.493051;,
  0.205905;1.911060;0.457756;,
  0.188486;1.982840;0.432291;,
  -0.042430;1.876323;0.523383;,
  -0.035790;1.786048;0.507188;,
  -0.011778;1.650363;0.507713;,
  0.032657;1.576844;0.518000;,
  0.112498;1.597350;0.500292;,
  0.107778;1.676735;0.466822;,
  0.173298;1.338772;0.541838;,
  0.166486;1.399084;0.520610;,
  0.190298;1.488018;0.553999;,
  0.116119;1.553951;0.503724;,
  0.206753;1.617392;0.471843;,
  0.205916;1.569375;0.483364;,
  -0.783010;1.729683;0.190973;,
  -0.828030;1.793967;0.201934;,
  -0.837250;1.762630;0.226170;,
  -0.741595;1.683958;0.147919;,
  -0.932158;1.789148;0.295131;,
  -0.934389;1.838363;0.236381;,
  -0.980462;1.871231;0.227025;,
  -0.913376;1.861975;0.204531;,
  -0.994072;1.904572;0.204131;,
  -1.008236;1.844784;0.287807;,
  -1.035396;1.852205;0.268715;,
  -1.057941;1.814603;0.289275;,
  -1.050268;1.734766;0.359735;,
  -0.905147;1.896660;0.201461;,
  -0.870342;1.939475;0.260490;,
  -0.799904;2.016927;0.266052;,
  -0.735819;1.959526;0.282759;,
  -0.810537;1.888973;0.265614;,
  -0.823246;1.823943;0.229103;,
  -0.915316;1.980406;0.247562;,
  -0.838322;2.055007;0.249908;,
  -0.808974;2.081473;0.250847;,
  -0.770646;2.056141;0.268917;,
  -0.676531;1.996317;0.291716;,
  -0.656836;1.891103;0.252500;,
  -0.715758;1.812908;0.234932;,
  -0.733529;1.755124;0.188877;,
  -0.606402;1.935561;0.267913;,
  -0.700962;1.658305;0.042257;,
  -0.749387;1.722203;0.143694;,
  -0.828030;1.793967;0.201934;,
  -0.662256;1.698241;0.076347;,
  -0.661367;1.681924;-0.104685;,
  -0.691893;1.625524;-0.098577;,
  -0.817283;1.581078;-0.253293;,
  -0.840612;1.435866;-0.201753;,
  -0.620111;1.760219;0.153818;,
  -0.637619;1.689525;-0.017438;,
  -0.592734;1.764817;0.048985;,
  -0.614356;1.778985;-0.040619;,
  -0.764486;1.655491;-0.244564;,
  -0.723523;1.736508;-0.213657;,
  -0.671036;1.816734;-0.126719;,
  -0.630856;1.898968;-0.088138;,
  -0.574456;1.865063;0.037826;,
  -0.553453;1.829155;0.120162;,
  -0.600344;1.830100;0.215441;,
  -0.550017;1.870626;0.135902;,
  -0.576631;1.896763;0.244892;,
  -0.534049;1.940519;0.271960;,
  -0.512339;1.900367;0.156520;,
  -0.543879;1.906067;0.045778;,
  -0.608784;1.932318;-0.087051;,
  -0.848530;1.194493;0.092631;,
  -0.930076;1.140582;0.052427;,
  -0.926073;1.167931;0.034877;,
  -0.846172;1.126836;0.124543;,
  -0.897341;1.117468;0.092294;,
  -0.853895;1.163273;0.112866;,
  -0.830403;1.202393;0.173835;,
  -0.807280;1.244261;0.181970;,
  -0.831417;1.245806;0.229580;,
  -0.821411;1.269412;0.223267;,
  -0.838801;1.293792;0.267375;,
  -0.854415;1.274848;0.293316;,
  -0.860900;1.303955;0.285171;,
  -0.890355;1.098495;0.394647;,
  -0.822305;1.032243;0.401683;,
  -0.824292;1.104715;0.380344;,
  -0.905804;1.172856;0.399620;,
  -0.812203;1.164280;0.364114;,
  -0.823884;1.240836;0.319934;,
  -0.790641;1.199681;0.253361;,
  -0.822828;1.151787;0.163498;,
  -0.762598;1.144375;0.278160;,
  -0.773819;1.074657;0.196872;,
  -0.784707;1.048704;0.299264;,
  -0.814891;1.069063;0.122391;,
  -0.831434;0.999720;0.220920;,
  -0.773076;0.997617;0.315449;,
  -0.826991;0.971081;0.408952;,
  -0.896120;1.035214;0.412783;,
  -0.908845;0.946143;0.405894;,
  -0.880422;0.766024;0.316751;,
  -0.925208;0.875600;0.354013;,
  -0.895773;0.795358;0.324293;,
  -0.850049;0.883706;0.368173;,
  -0.836711;0.922836;0.400216;,
  -0.795608;0.922109;0.333469;,
  -0.839567;0.964710;0.252081;,
  -0.924667;0.995319;0.292923;,
  -0.810265;0.839319;0.300687;,
  -0.843530;0.794566;0.305332;,
  -0.895773;0.795358;0.324293;,
  -0.932657;0.873489;0.297786;,
  -0.923003;0.813450;0.287166;,
  -0.877020;0.806136;0.258143;,
  -0.843530;0.794566;0.305332;,
  -0.850956;0.851335;0.245973;,
  -0.841224;0.940553;0.243714;,
  -0.916273;0.961584;0.315602;,
  -0.908845;0.946143;0.405894;,
  -0.925208;0.875600;0.354013;,
  -0.880422;0.766024;0.316751;,
  -0.925831;1.026673;0.351750;,
  -0.896120;1.035214;0.412783;,
  -0.890355;1.098495;0.394647;,
  -0.942994;1.075969;0.397248;,
  -0.950610;1.021855;0.305147;,
  -0.911140;0.987643;0.255157;,
  -0.919179;1.004051;0.197107;,
  -0.966929;1.016520;0.221832;,
  -0.962729;1.012471;0.136171;,
  -0.907594;1.011354;0.147227;,
  -0.891816;1.061158;0.098061;,
  -0.857266;0.999011;0.161888;,
  -0.952072;1.120041;0.065419;,
  -0.954088;1.067399;0.085554;,
  0.162731;1.146549;0.469363;,
  0.163182;1.192529;0.471815;,
  0.133056;1.183823;0.471511;,
  0.149543;1.062560;0.388811;,
  0.198371;1.088899;0.391184;,
  0.148994;1.112435;0.414948;,
  0.190655;1.126141;0.451193;,
  0.120604;1.132238;0.435083;,
  0.113956;1.160935;0.457146;,
  0.103536;1.202443;0.502805;,
  0.137493;1.220887;0.506820;,
  0.169600;1.222765;0.506027;,
  0.072164;1.168243;0.492164;,
  0.075071;1.229280;0.502456;,
  0.115920;1.251264;0.503984;,
  0.166698;1.260483;0.498948;,
  0.204262;1.219206;0.491221;,
  0.187070;1.189330;0.461610;,
  0.215433;1.254826;0.482167;,
  0.229491;1.206952;0.475191;,
  0.249522;1.165660;0.452647;,
