xof 0303txt 0032
template ColorRGBA {
 <35ff44e0-6c7c-11cf-8f52-0040333594a3>
 FLOAT red;
 FLOAT green;
 FLOAT blue;
 FLOAT alpha;
}

template ColorRGB {
 <d3e16e81-7835-11cf-8f52-0040333594a3>
 FLOAT red;
 FLOAT green;
 FLOAT blue;
}

template Material {
 <3d82ab4d-62da-11cf-ab39-0020af71e433>
 ColorRGBA faceColor;
 FLOAT power;
 ColorRGB specularColor;
 ColorRGB emissiveColor;
 [...]
}

template TextureFilename {
 <a42790e1-7810-11cf-8f52-0040333594a3>
 STRING filename;
}

template Frame {
 <3d82ab46-62da-11cf-ab39-0020af71e433>
 [...]
}

template Matrix4x4 {
 <f6f23f45-7686-11cf-8f52-0040333594a3>
 array FLOAT matrix[16];
}

template FrameTransformMatrix {
 <f6f23f41-7686-11cf-8f52-0040333594a3>
 Matrix4x4 frameMatrix;
}

template Vector {
 <3d82ab5e-62da-11cf-ab39-0020af71e433>
 FLOAT x;
 FLOAT y;
 FLOAT z;
}

template MeshFace {
 <3d82ab5f-62da-11cf-ab39-0020af71e433>
 DWORD nFaceVertexIndices;
 array DWORD faceVertexIndices[nFaceVertexIndices];
}

template Mesh {
 <3d82ab44-62da-11cf-ab39-0020af71e433>
 DWORD nVertices;
 array Vector vertices[nVertices];
 DWORD nFaces;
 array MeshFace faces[nFaces];
 [...]
}

template MeshNormals {
 <f6f23f43-7686-11cf-8f52-0040333594a3>
 DWORD nNormals;
 array Vector normals[nNormals];
 DWORD nFaceNormals;
 array MeshFace faceNormals[nFaceNormals];
}

template MeshMaterialList {
 <f6f23f42-7686-11cf-8f52-0040333594a3>
 DWORD nMaterials;
 DWORD nFaceIndexes;
 array DWORD faceIndexes[nFaceIndexes];
 [Material <3d82ab4d-62da-11cf-ab39-0020af71e433>]
}

template Coords2d {
 <f6f23f44-7686-11cf-8f52-0040333594a3>
 FLOAT u;
 FLOAT v;
}

template MeshTextureCoords {
 <f6f23f40-7686-11cf-8f52-0040333594a3>
 DWORD nTextureCoords;
 array Coords2d textureCoords[nTextureCoords];
}

template XSkinMeshHeader {
 <3cf169ce-ff7c-44ab-93c0-f78f62d172e2>
 WORD nMaxSkinWeightsPerVertex;
 WORD nMaxSkinWeightsPerFace;
 WORD nBones;
}

template SkinWeights {
 <6f0d123b-bad2-4167-a0d0-80224f25fabb>
 STRING transformNodeName;
 DWORD nWeights;
 array DWORD vertexIndices[nWeights];
 array FLOAT weights[nWeights];
 Matrix4x4 matrixOffset;
}

template AnimTicksPerSecond {
 <9e415a43-7ba6-4a73-8743-b73d47e88476>
 DWORD AnimTicksPerSecond;
}

template Animation {
 <3d82ab4f-62da-11cf-ab39-0020af71e433>
 [...]
}

template AnimationSet {
 <3d82ab50-62da-11cf-ab39-0020af71e433>
 [Animation <3d82ab4f-62da-11cf-ab39-0020af71e433>]
}

template FloatKeys {
 <10dd46a9-775b-11cf-8f52-0040333594a3>
 DWORD nValues;
 array FLOAT values[nValues];
}

template TimedFloatKeys {
 <f406b180-7b3b-11cf-8f52-0040333594a3>
 DWORD time;
 FloatKeys tfkeys;
}

template AnimationKey {
 <10dd46a8-775b-11cf-8f52-0040333594a3>
 DWORD keyType;
 DWORD nKeys;
 array TimedFloatKeys keys[nKeys];
}


Material KalanHeavyWarrior_MI {
 1.000000;1.000000;1.000000;1.000000;;
 10.000000;
 0.000000;0.000000;0.000000;;
 0.000000;0.000000;0.000000;;

 TextureFilename {
  "KalanHeavyWarrior_diff.tga";
 }
}

Frame Dummy_root {
 

 FrameTransformMatrix {
  1.000000,0.000000,0.000000,0.000000,-0.000000,1.000000,-0.000000,0.000000,0.000000,0.000000,1.000000,0.000000,0.000000,0.000000,0.000000,1.000000;;
 }

 Frame FxBottom {
  

  FrameTransformMatrix {
   1.000000,0.000000,0.000000,0.000000,0.000000,1.000000,0.000000,0.000000,0.000000,0.000000,1.000000,0.000000,-0.000000,0.000000,0.000000,1.000000;;
  }
 }

 Frame Bip01 {
  

  FrameTransformMatrix {
   0.924682,0.006388,-0.380686,0.000000,0.096830,0.963038,0.251359,0.000000,0.368221,-0.269289,0.889886,0.000000,0.000000,0.284337,0.000000,1.000000;;
  }

  Frame Bip01-Pelvis {
   

   FrameTransformMatrix {
    0.000002,0.000000,-1.000000,0.000000,-0.997899,0.064780,-0.000002,0.000000,0.064780,0.997900,0.000000,0.000000,0.000000,0.000000,0.000000,1.000000;;
   }

   Frame Bip01-Spine {
    

    FrameTransformMatrix {
     0.952153,0.005335,-0.305574,0.000000,-0.024743,0.997911,-0.059677,0.000000,0.304617,0.064383,0.950297,0.000000,0.000071,0.005750,0.088551,1.000000;;
    }

    Frame Bip01-L-Thigh {
     

     FrameTransformMatrix {
      0.674600,0.193129,-0.712472,0.000000,-0.373906,-0.742798,-0.555379,0.000000,-0.636483,0.641056,-0.428880,0.000000,0.027653,0.129192,-0.076177,1.000000;;
     }

     Frame Bip01-L-Calf {
      

      FrameTransformMatrix {
       -0.101579,0.000000,-0.994828,0.000000,-0.000000,1.000000,0.000000,0.000000,0.994828,0.000000,-0.101579,0.000000,0.000000,0.000000,0.237423,1.000000;;
      }

      Frame Bip01-L-HorseLink {
       

       FrameTransformMatrix {
        0.390436,-0.000000,0.920630,0.000000,0.000000,1.000000,-0.000000,0.000000,-0.920630,0.000000,0.390436,0.000000,0.000000,-0.000000,0.136382,1.000000;;
       }

       Frame Bip01-L-Foot {
        

        FrameTransformMatrix {
         0.753335,0.197447,-0.627296,0.000000,-0.475242,0.822772,-0.311756,0.000000,0.454566,0.532974,0.713658,0.000000,-0.000000,-0.000000,0.054158,1.000000;;
        }

        Frame Bip01-L-Toe0 {
         

         FrameTransformMatrix {
          -0.000000,-0.000000,1.000000,0.000000,0.000000,1.000000,0.000000,0.000000,-1.000000,0.000000,0.000000,0.000000,-0.086929,-0.000000,0.059702,1.000000;;
         }

         Frame Bip01-L-Toe0Nub {
          

          FrameTransformMatrix {
           -1.000000,0.000000,-0.000690,0.000000,0.000000,1.000000,0.000000,0.000000,0.000690,0.000000,-1.000000,0.000000,-0.000000,0.000000,0.006368,1.000000;;
          }
         }
        }
       }
      }
     }
    }

    Frame Bip01-R-Thigh {
     

     FrameTransformMatrix {
      0.720819,0.547730,-0.424749,0.000000,0.691011,-0.520081,0.502015,0.000000,0.054066,-0.655368,-0.753372,0.000000,0.026267,-0.130096,-0.092905,1.000000;;
     }

     Frame Bip01-R-Calf {
      

      FrameTransformMatrix {
       -0.570693,0.000000,-0.821164,0.000000,0.000000,1.000000,0.000000,0.000000,0.821163,-0.000000,-0.570694,0.000000,-0.000000,-0.000000,0.237423,1.000000;;
      }

      Frame Bip01-R-HorseLink {
       

       FrameTransformMatrix {
        0.066462,-0.000000,0.997789,0.000000,-0.000000,1.000000,0.000000,0.000000,-0.997789,-0.000000,0.066462,0.000000,-0.000000,0.000000,0.136382,1.000000;;
       }

       Frame Bip01-R-Foot {
        

        FrameTransformMatrix {
         0.993832,-0.081174,0.075552,0.000000,0.034861,0.875458,0.482034,0.000000,-0.105271,-0.476428,0.872889,0.000000,0.000000,-0.000000,0.054158,1.000000;;
        }

        Frame Bip01-R-Toe0 {
         

         FrameTransformMatrix {
          -0.099511,-0.135031,0.985831,0.000000,-0.073904,0.989016,0.128007,0.000000,-0.992288,-0.060119,-0.108397,0.000000,-0.086929,0.000000,0.059702,1.000000;;
         }

         Frame Bip01-R-Toe0Nub {
          

          FrameTransformMatrix {
           1.000000,0.000000,-0.000000,0.000000,0.000000,1.000000,-0.000000,0.000000,0.000000,-0.000000,1.000000,0.000000,-0.000000,0.000000,0.006369,1.000000;;
          }
         }
        }
       }
      }
     }
    }

    Frame Bip01-Spine1 {
     

     FrameTransformMatrix {
      0.818968,0.051854,0.571492,0.000000,0.109796,0.963350,-0.244749,0.000000,-0.563238,0.263189,0.783259,0.000000,0.000116,0.000007,0.093896,1.000000;;
     }

     Frame Bip01-Neck {
      

      FrameTransformMatrix {
       0.092638,-0.043813,0.994735,0.000000,-0.238064,0.969082,0.064853,0.000000,-0.966822,-0.242819,0.079344,0.000000,-0.035575,-0.000001,0.180140,1.000000;;
      }

      Frame Bip01-Head {
       

       FrameTransformMatrix {
        -0.203965,-0.565356,-0.799232,0.000000,0.067976,0.806245,-0.587664,0.000000,0.976616,-0.174191,-0.126015,0.000000,0.000000,0.000000,0.037642,1.000000;;
       }

       Frame Bip01-HeadNub {
        

        FrameTransformMatrix {
         1.000000,0.000000,-0.000000,0.000000,-0.000000,1.000000,0.000000,0.000000,-0.000000,0.000000,1.000000,0.000000,-0.000000,-0.000000,0.099772,1.000000;;
        }
       }

       Frame FxTop {
        

        FrameTransformMatrix {
         -0.020234,-0.999080,0.037806,0.000000,0.325641,0.029166,0.945044,0.000000,-0.945277,0.031433,0.324751,0.000000,-0.058444,0.000999,0.066860,1.000000;;
        }
       }
      }

      Frame Bip01-L-Clavicle {
       

       FrameTransformMatrix {
        -0.093017,0.264692,0.959836,0.000000,0.952506,0.304404,0.008362,0.000000,-0.289965,0.915028,-0.280436,0.000000,-0.043773,0.045878,-0.100634,1.000000;;
       }

       Frame Bip01-L-UpperArm {
        

        FrameTransformMatrix {
         0.719802,0.665285,-0.198193,0.000000,-0.566818,0.728100,0.385472,0.000000,0.400753,-0.165124,0.901183,0.000000,-0.000000,0.000000,0.078095,1.000000;;
        }

        Frame Bip01-L-Forearm {
         

         FrameTransformMatrix {
          -0.034838,-0.000000,-0.999393,0.000000,0.000000,1.000000,0.000000,0.000000,0.999393,-0.000000,-0.034838,0.000000,-0.000000,0.000000,0.312399,1.000000;;
         }

         Frame Bip01-L-Hand {
          

          FrameTransformMatrix {
           -0.748278,0.511611,-0.422296,0.000000,-0.618937,-0.767508,0.166878,0.000000,-0.238739,0.386246,0.890964,0.000000,-0.000000,0.000000,0.224645,1.000000;;
          }

          Frame Bip01-L-Finger0 {
           

           FrameTransformMatrix {
            0.133493,-0.797628,-0.588191,0.000000,0.975277,0.000266,0.220985,0.000000,-0.176107,-0.603149,0.777944,0.000000,-0.042681,-0.074169,0.062658,1.000000;;
           }

           Frame Bip01-L-Finger01 {
            

            FrameTransformMatrix {
             0.811294,0.000000,0.584638,0.000000,-0.000000,1.000000,-0.000000,0.000000,-0.584638,-0.000000,0.811294,0.000000,0.000000,-0.000000,0.065854,1.000000;;
            }

            Frame Bip01-L-Finger02 {
             

             FrameTransformMatrix {
              0.406736,0.000000,0.913546,0.000000,0.000000,1.000000,-0.000000,0.000000,-0.913546,0.000000,0.406737,0.000000,-0.000000,0.000000,0.050706,1.000000;;
             }

             Frame Bip01-L-Finger0Nub {
              

              FrameTransformMatrix {
               1.000000,0.000000,-0.000000,0.000000,-0.000000,1.000000,0.000000,0.000000,-0.000000,-0.000000,1.000000,0.000000,-0.000000,-0.000000,0.082690,1.000000;;
              }
             }
            }
           }
          }

          Frame Bip01-L-Finger1 {
           

           FrameTransformMatrix {
            0.978801,0.179443,-0.098735,0.000000,-0.163111,0.974501,0.154087,0.000000,0.123868,-0.134716,0.983112,0.000000,0.001316,-0.028387,0.158041,1.000000;;
           }

           Frame Bip01-L-Finger11 {
            

            FrameTransformMatrix {
             0.629321,0.000000,0.777146,0.000000,-0.000000,1.000000,0.000000,0.000000,-0.777146,-0.000000,0.629320,0.000000,0.000000,0.000000,0.071461,1.000000;;
            }

            Frame Bip01-L-Finger12 {
             

             FrameTransformMatrix {
              0.333807,-0.000000,0.942641,0.000000,0.000000,1.000000,0.000000,0.000000,-0.942641,0.000000,0.333807,0.000000,-0.000000,0.000000,0.053753,1.000000;;
             }

             Frame Bip01-L-Finger1Nub {
              

              FrameTransformMatrix {
               1.000000,-0.000000,-0.000000,0.000000,-0.000000,1.000000,-0.000000,0.000000,0.000000,0.000000,1.000000,0.000000,-0.000000,-0.000000,0.059040,1.000000;;
              }
             }
            }
           }
          }

          Frame Bip01-L-Finger2 {
           

           FrameTransformMatrix {
            0.675654,-0.021923,0.736892,0.000000,0.023544,0.999690,0.008154,0.000000,-0.736842,0.011840,0.675961,0.000000,-0.000003,0.003423,0.155409,1.000000;;
           }

           Frame Bip01-L-Finger21 {
            

            FrameTransformMatrix {
             0.641453,-0.000000,0.767163,0.000000,0.000000,1.000000,-0.000000,0.000000,-0.767163,-0.000000,0.641453,0.000000,0.000000,-0.000000,0.083713,1.000000;;
            }

            Frame Bip01-L-Finger22 {
             

             FrameTransformMatrix {
              0.644755,0.000000,0.764390,0.000000,0.000000,1.000000,-0.000000,0.000000,-0.764390,0.000000,0.644755,0.000000,-0.000000,-0.000000,0.060661,1.000000;;
             }

             Frame Bip01-L-Finger2Nub {
              

              FrameTransformMatrix {
               1.000000,0.000000,0.000000,0.000000,-0.000000,1.000000,-0.000000,0.000000,0.000000,0.000000,1.000000,0.000000,-0.000000,0.000000,0.069940,1.000000;;
              }
             }
            }
           }
          }

          Frame Bip01-L-Finger3 {
           

           FrameTransformMatrix {
            0.397827,-0.034824,0.916800,0.000000,0.061041,0.998070,0.011423,0.000000,-0.915428,0.051418,0.399184,0.000000,0.000011,0.042578,0.155306,1.000000;;
           }

           Frame Bip01-L-Finger31 {
            

            FrameTransformMatrix {
             0.957047,0.000000,0.289932,0.000000,-0.000000,1.000000,-0.000000,0.000000,-0.289932,0.000000,0.957048,0.000000,-0.000000,0.000000,0.065869,1.000000;;
            }

            Frame Bip01-L-Finger32 {
             

             FrameTransformMatrix {
              0.981117,-0.000000,0.193413,0.000000,-0.000000,1.000000,-0.000000,0.000000,-0.193413,-0.000000,0.981117,0.000000,-0.000000,-0.000000,0.047338,1.000000;;
             }

             Frame Bip01-L-Finger3Nub {
              

              FrameTransformMatrix {
               1.000000,-0.000000,-0.000000,0.000000,-0.000000,1.000000,-0.000000,0.000000,0.000000,0.000000,1.000000,0.000000,0.000000,0.000000,0.054537,1.000000;;
              }
             }
            }
           }
          }

          Frame Bip01-L-Finger4 {
           

           FrameTransformMatrix {
            0.594342,0.686616,0.418709,0.000000,-0.293891,0.670070,-0.681640,0.000000,-0.748589,0.282072,0.600041,0.000000,-0.009025,0.054723,0.097048,1.000000;;
           }

           Frame Bip01-L-Finger41 {
            

            FrameTransformMatrix {
             0.960315,-0.000000,0.278918,0.000000,0.000000,1.000000,-0.000000,0.000000,-0.278918,0.000000,0.960315,0.000000,-0.000000,-0.000000,0.051684,1.000000;;
            }

            Frame Bip01-L-Finger42 {
             

             FrameTransformMatrix {
              0.988617,0.000000,0.150453,0.000000,0.000000,1.000000,0.000000,0.000000,-0.150453,0.000000,0.988617,0.000000,-0.000000,0.000000,0.059876,1.000000;;
             }

             Frame Bip01-L-Finger4Nub {
              

              FrameTransformMatrix {
               1.000000,0.000000,0.000000,0.000000,-0.000000,1.000000,0.000000,0.000000,-0.000000,-0.000000,1.000000,0.000000,0.000000,0.000000,0.057284,1.000000;;
              }
             }
            }
           }
          }

          Frame Bone10 {
           

           FrameTransformMatrix {
            0.250878,-0.367091,0.895715,0.000000,0.783107,0.620895,0.035123,0.000000,-0.569038,0.692629,0.443240,0.000000,-0.003006,0.044648,0.004222,1.000000;;
           }

           Frame Bone11 {
            

            FrameTransformMatrix {
             0.999812,0.000737,-0.019381,0.000000,0.016753,0.470725,0.882121,0.000000,0.009773,-0.882280,0.470625,0.000000,0.000000,0.000000,0.052510,1.000000;;
            }

            Frame Bone12 {
             

             FrameTransformMatrix {
              0.997128,0.011600,0.074845,0.000000,-0.072768,0.420776,0.904242,0.000000,-0.021004,-0.907091,0.420411,0.000000,-0.000000,0.000000,0.060200,1.000000;;
             }
            }
           }
          }

          Frame Bone07 {
           

           FrameTransformMatrix {
            0.097338,-0.658540,0.746225,0.000000,0.872455,0.417247,0.254414,0.000000,-0.478902,0.626284,0.615160,0.000000,-0.007201,0.046989,0.047266,1.000000;;
           }

           Frame Bone08 {
            

            FrameTransformMatrix {
             0.999513,0.008758,-0.029944,0.000000,-0.003892,0.987290,0.158883,0.000000,0.030955,-0.158689,0.986843,0.000000,0.000000,0.000000,0.047849,1.000000;;
            }

            Frame Bone09 {
             

             FrameTransformMatrix {
              0.999998,0.002160,-0.000162,0.000000,-0.001981,0.942209,0.335021,0.000000,0.000876,-0.335020,0.942211,0.000000,-0.000000,0.000000,0.047430,1.000000;;
             }
            }
           }
          }

          Frame FxHand00 {
           

           FrameTransformMatrix {
            -0.953440,0.243767,-0.177567,0.000000,-0.283969,-0.923918,0.256394,0.000000,-0.101557,0.294880,0.950122,0.000000,-0.074294,-0.001357,0.113662,1.000000;;
           }
          }
         }

         Frame Bone13 {
          

          FrameTransformMatrix {
           0.271070,0.537909,0.798232,0.000000,-0.959513,0.216930,0.179655,0.000000,-0.076523,-0.814614,0.574934,0.000000,-0.041032,0.025932,0.188075,1.000000;;
          }

          Frame Bone14 {
           

           FrameTransformMatrix {
            0.998601,-0.044780,0.028115,0.000000,0.039032,0.983014,0.179331,0.000000,-0.035668,-0.177983,0.983387,0.000000,-0.000000,0.000000,0.043362,1.000000;;
           }

           Frame Bone15 {
            

            FrameTransformMatrix {
             0.996287,0.027784,-0.081486,0.000000,-0.007116,0.969830,0.243681,0.000000,0.085798,-0.242197,0.966426,0.000000,-0.000000,0.000000,0.029756,1.000000;;
            }
           }
          }
         }
        }
       }

       Frame Bone05 {
        

        FrameTransformMatrix {
         0.324884,-0.780317,-0.534374,0.000000,0.944207,0.235311,0.230438,0.000000,-0.054071,-0.579426,0.813230,0.000000,-0.005221,0.068762,-0.006868,1.000000;;
        }

        Frame Bone06 {
         

         FrameTransformMatrix {
          -0.823824,-0.000000,0.566846,0.000000,-0.000000,1.000000,-0.000000,0.000000,-0.566846,-0.000000,-0.823824,0.000000,-0.000000,0.000000,0.228108,1.000000;;
         }

         Frame Bone25 {
          

          FrameTransformMatrix {
           -0.295711,-0.104353,-0.949561,0.000000,0.081918,0.987584,-0.134043,0.000000,0.951759,-0.117424,-0.283491,0.000000,0.000000,0.000000,0.175380,1.000000;;
          }

          Frame Bone26 {
           

           FrameTransformMatrix {
            1.000000,0.000000,0.000000,0.000000,-0.000000,1.000000,-0.000000,0.000000,0.000000,-0.000000,1.000000,0.000000,-0.000003,0.000000,0.251882,1.000000;;
           }
          }
         }
        }
       }

       Frame Dummy01 {
        

        FrameTransformMatrix {
         0.071182,-0.967127,0.244128,0.000000,0.972977,0.121220,0.196522,0.000000,-0.219655,0.223542,0.949621,0.000000,-0.042001,0.097876,0.114212,1.000000;;
        }
       }
      }

      Frame Bip01-R-Clavicle {
       

       FrameTransformMatrix {
        -0.085440,0.111351,0.990102,0.000000,-0.991560,0.087757,-0.095435,0.000000,-0.097515,-0.989899,0.102913,0.000000,-0.037568,-0.091368,-0.066245,1.000000;;
       }

       Frame Bip01-R-UpperArm {
        

        FrameTransformMatrix {
         0.867625,0.410808,0.280113,0.000000,-0.055183,0.639437,-0.766860,0.000000,-0.494147,0.649890,0.577462,0.000000,0.000000,0.000000,0.078094,1.000000;;
        }

        Frame Bip01-R-Forearm {
         

         FrameTransformMatrix {
          -0.127436,0.000000,-0.991847,0.000000,0.000000,1.000000,-0.000000,0.000000,0.991847,0.000000,-0.127436,0.000000,0.000000,0.000000,0.312399,1.000000;;
         }

         Frame Bip01-R-Hand {
          

          FrameTransformMatrix {
           -0.083528,-0.995559,-0.043417,0.000000,0.991886,-0.078871,-0.099711,0.000000,0.095844,-0.051393,0.994069,0.000000,-0.000000,-0.000000,0.224645,1.000000;;
          }

          Frame Bip01-R-Finger0 {
           

           FrameTransformMatrix {
            0.079220,0.948226,-0.307558,0.000000,-0.431570,-0.245491,-0.868033,0.000000,-0.898594,0.201498,0.389778,0.000000,-0.042681,0.074169,0.062658,1.000000;;
           }

           Frame Bip01-R-Finger01 {
            

            FrameTransformMatrix {
             0.752004,0.000000,0.659159,0.000000,-0.000000,1.000000,0.000000,0.000000,-0.659159,-0.000000,0.752004,0.000000,-0.000000,-0.000000,0.065854,1.000000;;
            }

            Frame Bip01-R-Finger02 {
             

             FrameTransformMatrix {
              0.429769,-0.000000,0.902939,0.000000,0.000000,1.000000,0.000000,0.000000,-0.902939,0.000000,0.429769,0.000000,-0.000000,-0.000000,0.050706,1.000000;;
             }

             Frame Bip01-R-Finger0Nub {
              

              FrameTransformMatrix {
               -1.000000,-0.000000,-0.000690,0.000000,0.000000,1.000000,0.000000,0.000000,0.000690,0.000000,-1.000000,0.000000,-0.000000,0.000000,0.082690,1.000000;;
              }
             }
            }
           }
          }

          Frame Bip01-R-Finger1 {
           

           FrameTransformMatrix {
            0.256026,-0.351030,0.900683,0.000000,0.122080,0.936019,0.330099,0.000000,-0.958931,0.025441,0.282498,0.000000,0.001316,0.028387,0.158041,1.000000;;
           }

           Frame Bip01-R-Finger11 {
            

            FrameTransformMatrix {
             0.296548,0.000000,0.955018,0.000000,0.000000,1.000000,-0.000000,0.000000,-0.955018,0.000000,0.296548,0.000000,-0.000000,-0.000000,0.071461,1.000000;;
            }

            Frame Bip01-R-Finger12 {
             

             FrameTransformMatrix {
              0.508772,-0.000000,0.860902,0.000000,0.000000,1.000000,-0.000000,0.000000,-0.860902,0.000000,0.508772,0.000000,0.000000,0.000000,0.053752,1.000000;;
             }

             Frame Bip01-R-Finger1Nub {
              

              FrameTransformMatrix {
               -1.000000,-0.000000,0.000691,0.000000,-0.000000,1.000000,0.000000,0.000000,-0.000691,0.000000,-1.000000,0.000000,-0.000000,-0.000000,0.059040,1.000000;;
              }
             }
            }
           }
          }

          Frame Bip01-R-Finger2 {
           

           FrameTransformMatrix {
            -0.128102,-0.472376,0.872038,0.000000,-0.059053,0.881356,0.468749,0.000000,-0.990002,0.008551,-0.140798,0.000000,-0.000003,-0.003423,0.155409,1.000000;;
           }

           Frame Bip01-R-Finger21 {
            

            FrameTransformMatrix {
             0.532922,0.000000,0.846164,0.000000,-0.000000,1.000000,-0.000000,0.000000,-0.846164,0.000000,0.532922,0.000000,-0.000000,0.000000,0.083713,1.000000;;
            }

            Frame Bip01-R-Finger22 {
             

             FrameTransformMatrix {
              0.214657,0.000000,0.976689,0.000000,0.000000,1.000000,-0.000000,0.000000,-0.976689,0.000000,0.214657,0.000000,0.000000,-0.000000,0.060661,1.000000;;
             }

             Frame Bip01-R-Finger2Nub {
              

              FrameTransformMatrix {
               -1.000000,0.000000,-0.000690,0.000000,0.000000,1.000000,-0.000000,0.000000,0.000690,-0.000000,-1.000000,0.000000,0.000000,0.000000,0.069940,1.000000;;
              }
             }
            }
           }
          }

          Frame Bip01-R-Finger3 {
           

           FrameTransformMatrix {
            -0.512052,-0.385567,0.767556,0.000000,-0.166717,0.921211,0.351532,0.000000,-0.842620,0.052038,-0.535989,0.000000,0.000011,-0.042578,0.155306,1.000000;;
           }

           Frame Bip01-R-Finger31 {
            

            FrameTransformMatrix {
             0.965626,0.000000,0.259937,0.000000,-0.000000,1.000000,0.000000,0.000000,-0.259937,-0.000000,0.965626,0.000000,-0.000000,0.000000,0.065869,1.000000;;
            }

            Frame Bip01-R-Finger32 {
             

             FrameTransformMatrix {
              0.540241,0.000000,0.841510,0.000000,-0.000000,1.000000,-0.000000,0.000000,-0.841510,-0.000000,0.540241,0.000000,-0.000000,0.000000,0.047338,1.000000;;
             }

             Frame Bip01-R-Finger3Nub {
              

              FrameTransformMatrix {
               -1.000000,-0.000000,0.000691,0.000000,-0.000000,1.000000,-0.000000,0.000000,-0.000691,-0.000000,-1.000000,0.000000,0.000000,-0.000000,0.054537,1.000000;;
              }
             }
            }
           }
          }

          Frame Bip01-R-Finger4 {
           

           FrameTransformMatrix {
            0.119962,-0.707005,0.696960,0.000000,-0.205643,0.669108,0.714147,0.000000,-0.971247,-0.228995,-0.065123,0.000000,-0.009025,-0.054723,0.097048,1.000000;;
           }

           Frame Bip01-R-Finger41 {
            

            FrameTransformMatrix {
             0.753877,0.000000,0.657015,0.000000,-0.000000,1.000000,0.000000,0.000000,-0.657015,-0.000000,0.753877,0.000000,-0.000000,-0.000000,0.051684,1.000000;;
            }

            Frame Bip01-R-Finger42 {
             

             FrameTransformMatrix {
              0.134321,-0.000000,0.990938,0.000000,0.000000,1.000000,0.000000,0.000000,-0.990938,0.000000,0.134321,0.000000,0.000000,-0.000000,0.059876,1.000000;;
             }

             Frame Bip01-R-Finger4Nub {
              

              FrameTransformMatrix {
               -1.000000,0.000000,0.000691,0.000000,0.000000,1.000000,0.000000,0.000000,-0.000691,0.000000,-1.000000,0.000000,-0.000000,0.000000,0.057284,1.000000;;
              }
             }
            }
           }
          }

          Frame Bone19 {
           

           FrameTransformMatrix {
            -0.001925,-0.168221,-0.985748,0.000000,0.934812,-0.350382,0.057968,0.000000,-0.355139,-0.921377,0.157929,0.000000,0.001201,-0.033421,-0.012742,1.000000;;
           }

           Frame Bone20 {
            

            FrameTransformMatrix {
             0.999815,-0.000335,0.019235,0.000000,-0.018720,0.213672,0.976726,0.000000,-0.004437,-0.976906,0.213626,0.000000,-0.000000,-0.000000,0.052510,1.000000;;
            }

            Frame Bone21 {
             

             FrameTransformMatrix {
              0.997104,-0.014364,-0.074684,0.000000,0.076041,0.171078,0.982319,0.000000,-0.001334,-0.985153,0.171675,0.000000,0.000000,0.000000,0.060200,1.000000;;
             }
            }
           }
          }

          Frame Bone16 {
           

           FrameTransformMatrix {
            0.289108,-0.366521,-0.884352,0.000000,0.713777,-0.533065,0.454274,0.000000,-0.637918,-0.762564,0.107500,0.000000,0.006838,-0.040512,0.036950,1.000000;;
           }

           Frame Bone17 {
            

            FrameTransformMatrix {
             0.999711,-0.004373,0.023636,0.000000,-0.018411,0.492915,0.869882,0.000000,-0.015454,-0.870067,0.492693,0.000000,0.000000,0.000000,0.047849,1.000000;;
            }

            Frame Bone18 {
             

             FrameTransformMatrix {
              0.999999,-0.001501,-0.000802,0.000000,0.001589,0.654908,0.755707,0.000000,-0.000609,-0.755707,0.654910,0.000000,0.000000,0.000000,0.047430,1.000000;;
             }
            }
           }
          }

          Frame Bip01-Prop1 {
           

           FrameTransformMatrix {
            0.983818,-0.128286,0.125085,0.000000,-0.029939,0.570603,0.820680,0.000000,-0.176656,-0.811144,0.557528,0.000000,-0.066955,-0.032277,0.043493,1.000000;;
           }

           Frame objmonster_KalanHeavyWarrior_w {
            

            FrameTransformMatrix {
             -0.000000,0.000001,-1.000000,0.000000,-0.000000,-1.000000,-0.000001,0.000000,-1.000000,0.000000,0.000000,0.000000,-0.691145,0.988505,-0.014099,1.000000;;
            }
           }
          }

          Frame FxHand01 {
           

           FrameTransformMatrix {
            0.741219,-0.258688,0.619415,0.000000,0.666298,0.395556,-0.632125,0.000000,-0.081491,0.881258,0.465557,0.000000,-0.076910,0.006922,0.113386,1.000000;;
           }
          }
         }

         Frame Bone22 {
          

          FrameTransformMatrix {
           -0.245574,0.139695,-0.959259,0.000000,-0.332804,-0.941566,-0.051919,0.000000,-0.910458,0.306496,0.277716,0.000000,-0.034841,-0.017480,0.172764,1.000000;;
          }

          Frame Bone23 {
           

           FrameTransformMatrix {
            0.998601,0.044780,-0.028116,0.000000,-0.037328,0.973656,0.224948,0.000000,0.037448,-0.223584,0.973965,0.000000,0.000000,0.000000,0.043362,1.000000;;
           }

           Frame Bone24 {
            

            FrameTransformMatrix {
             0.996287,-0.027784,0.081486,0.000000,-0.033750,0.744689,0.666559,0.000000,-0.079202,-0.666834,0.740986,0.000000,0.000000,0.000000,0.029756,1.000000;;
            }
           }
          }
         }
        }
       }

       Frame Bone27 {
        

        FrameTransformMatrix {
         -0.242261,-0.775253,0.583347,0.000000,0.969899,-0.208770,0.125345,0.000000,0.024611,0.596154,0.802493,0.000000,-0.005221,-0.068723,-0.007077,1.000000;;
        }

        Frame Bone28 {
         

         FrameTransformMatrix {
          -0.769376,-0.000001,-0.638797,0.000000,-0.000000,1.000000,-0.000001,0.000000,0.638797,-0.000000,-0.769376,0.000000,0.000000,0.000000,0.228108,1.000000;;
         }

         Frame Bone29 {
          

          FrameTransformMatrix {
           -0.090458,-0.000202,0.995900,0.000000,-0.512774,0.857269,-0.046401,0.000000,-0.853745,-0.514869,-0.077650,0.000000,0.000000,-0.000000,0.175380,1.000000;;
          }

          Frame Bone30 {
           

           FrameTransformMatrix {
            1.000000,0.000002,0.000000,0.000000,-0.000002,1.000000,-0.000000,0.000000,0.000000,-0.000000,1.000000,0.000000,0.000003,0.000000,0.251882,1.000000;;
           }
          }
         }
        }
       }

       Frame Dummy02 {
        

        FrameTransformMatrix {
         0.172348,-0.974312,0.144956,0.000000,-0.847394,-0.221679,-0.482475,0.000000,0.502215,-0.039681,-0.863832,0.000000,-0.030042,-0.100040,0.133008,1.000000;;
        }
       }
      }
     }

     Frame Bone01 {
      

      FrameTransformMatrix {
       0.000002,1.000000,-0.000005,0.000000,0.993186,-0.000001,0.116544,0.000000,0.116544,-0.000006,-0.993185,0.000000,0.166249,0.000998,0.144149,1.000000;;
      }

      Frame Bone02 {
       

       FrameTransformMatrix {
        0.989256,0.039794,-0.140678,0.000000,0.015701,0.927760,0.372848,0.000000,0.145353,-0.371051,0.917166,0.000000,0.000000,0.000000,0.193371,1.000000;;
       }

       Frame Bone03 {
        

        FrameTransformMatrix {
         0.991886,0.020250,-0.125508,0.000000,0.033650,0.910205,0.412789,0.000000,0.122597,-0.413663,0.902138,0.000000,-0.000000,0.000000,0.145933,1.000000;;
        }

        Frame Bone04 {
         

         FrameTransformMatrix {
          0.984390,0.085030,0.154097,0.000000,-0.065487,0.989643,-0.127742,0.000000,-0.163363,0.115656,0.979763,0.000000,0.000000,0.000000,0.153856,1.000000;;
         }
        }
       }
      }

      Frame Bone32 {
       

       FrameTransformMatrix {
        -0.555485,-0.180265,-0.811751,0.000000,-0.070813,-0.962417,0.262181,0.000000,-0.828506,0.203120,0.521844,0.000000,-0.002379,0.015348,0.018566,1.000000;;
       }
      }

      Frame Bone31 {
       

       FrameTransformMatrix {
        -0.515242,0.185702,0.836685,0.000000,-0.183492,-0.977509,0.103961,0.000000,0.837172,-0.099960,0.537728,0.000000,-0.002379,0.015348,0.018566,1.000000;;
       }
      }
     }

     Frame FxCenter {
      

      FrameTransformMatrix {
       -0.390556,-0.920052,-0.031158,0.000000,0.540288,-0.256489,0.801438,0.000000,-0.745356,0.296172,0.597266,0.000000,-0.012714,0.000998,0.098251,1.000000;;
      }
     }
    }
   }
  }
 }
}

Frame KalanHeavyWarrior_Skel {
 

 FrameTransformMatrix {
  1.000000,0.000000,0.000000,0.000000,0.000000,1.000000,0.000000,0.000000,0.000000,0.000000,1.000000,0.000000,0.000000,0.000000,0.000000,1.000000;;
 }

 Mesh KalanHeavyWarrior_Skel {
  5078;
  -0.398659;0.230852;-0.004165;,
  -0.409087;0.261986;-0.002817;,
  -0.409469;0.240297;-0.004312;,
  0.558536;0.287648;-0.075942;,
  0.562713;0.286203;-0.081010;,
  0.555529;0.287745;-0.078805;,
  0.571023;0.294702;-0.070361;,
  0.535641;0.298823;-0.069515;,
  0.552417;0.281235;-0.072740;,
  0.560532;0.289910;-0.061128;,
  0.558536;0.287648;-0.075942;,
  0.560773;0.283124;-0.058497;,
  0.592779;0.257971;-0.066247;,
  0.556875;0.276257;-0.062010;,
  0.590340;0.249260;-0.069448;,
  0.564790;0.257564;-0.053566;,
  0.537147;0.283543;-0.058188;,
  0.523387;0.278821;-0.048911;,
  0.530422;0.271637;-0.051731;,
  0.537147;0.283543;-0.058188;,
  0.528948;0.255737;-0.055714;,
  0.556492;0.241732;-0.059654;,
  0.580160;0.241558;-0.048631;,
  0.551596;0.222528;-0.053800;,
  0.525364;0.239190;-0.052405;,
  0.522495;0.260861;-0.040492;,
  0.511909;0.264140;-0.036755;,
  0.518825;0.277204;-0.053940;,
  0.508621;0.261843;-0.041947;,
  0.507665;0.244110;-0.045639;,
  0.504444;0.249837;-0.048859;,
  0.525364;0.239190;-0.052405;,
  0.534468;0.283712;-0.063480;,
  0.518678;0.302346;-0.064380;,
  0.493798;0.282572;-0.048343;,
  0.475642;0.270309;-0.049334;,
  0.680035;0.232763;-0.104257;,
  0.622162;0.261968;-0.094998;,
  0.609991;0.236428;-0.062949;,
  0.602790;0.257650;-0.081527;,
  0.605601;0.266790;-0.075788;,
  0.590063;0.291741;-0.081211;,
  0.570663;0.298132;-0.072664;,
  0.562547;0.288968;-0.082491;,
  0.678493;0.245460;-0.117589;,
  0.625089;0.273879;-0.089985;,
  0.682188;0.262586;-0.120413;,
  0.624700;0.280785;-0.095955;,
  0.683017;0.257352;-0.114411;,
  0.763827;0.227119;-0.150421;,
  0.782585;0.197726;-0.137233;,
  0.883661;0.165234;-0.171791;,
  0.848400;0.148606;-0.133755;,
  0.767910;0.239887;-0.151950;,
  0.902126;0.195179;-0.211438;,
  0.932574;0.166838;-0.245652;,
  0.925490;0.139694;-0.215908;,
  0.904417;0.118939;-0.183151;,
  0.863659;0.104134;-0.143299;,
  0.832459;0.102702;-0.121983;,
  0.812343;0.133612;-0.137816;,
  0.783673;0.155633;-0.139912;,
  0.738737;0.173737;-0.128122;,
  0.689332;0.190709;-0.112262;,
  0.650676;0.196792;-0.093277;,
  0.607566;0.196912;-0.065929;,
  0.571668;0.192444;-0.038895;,
  -0.478769;0.524696;0.325728;,
  -0.452406;0.561529;0.294711;,
  -0.494255;0.563474;0.299634;,
  -0.348409;0.451319;0.340828;,
  -0.398699;0.440969;0.352234;,
  -0.345754;0.405619;0.351155;,
  -0.384759;0.471916;0.343378;,
  -0.450246;0.483218;0.346011;,
  -0.420318;0.497883;0.335221;,
  -0.436255;0.527846;0.319750;,
  -0.437100;0.574484;0.308436;,
  -0.423808;0.540120;0.331030;,
  -0.342421;0.546847;0.270873;,
  -0.374402;0.483221;0.351544;,
  -0.346063;0.465185;0.348457;,
  -0.320786;0.477570;0.319174;,
  -0.406487;0.511103;0.346244;,
  -0.326712;0.525542;0.279712;,
  -0.282304;0.485518;0.290630;,
  -0.237081;0.487203;0.251723;,
  -0.322850;0.465918;0.308752;,
  -0.285979;0.471991;0.281462;,
  -0.243029;0.473021;0.244752;,
  -0.166720;0.460533;0.212391;,
  -0.169414;0.419882;0.224655;,
  -0.123024;0.409870;0.204264;,
  -0.215930;0.430862;0.244340;,
  -0.261415;0.437649;0.267236;,
  -0.215930;0.430862;0.244340;,
  -0.277351;0.436049;0.279032;,
  -0.308907;0.427594;0.307149;,
  -0.345754;0.405619;0.351155;,
  -0.237973;0.516063;0.228909;,
  -0.160115;0.471334;0.222128;,
  -0.108675;0.453958;0.209740;,
  -0.123382;0.415875;0.198960;,
  -0.110391;0.483794;0.183557;,
  -0.035279;0.421217;0.170357;,
  -0.010031;0.448912;0.137283;,
  -0.036184;0.456172;0.147270;,
  -0.003845;0.406292;0.158717;,
  0.016148;0.451701;0.138671;,
  0.024116;0.400549;0.165771;,
  -0.042598;0.391838;0.169535;,
  -0.013842;0.376637;0.165182;,
  -0.123382;0.415875;0.198960;,
  -0.108675;0.453958;0.209740;,
  -0.110391;0.483794;0.183557;,
  0.082992;0.401642;0.112696;,
  0.122218;0.410750;0.085141;,
  0.078688;0.417885;0.096160;,
  0.045668;0.427063;0.108782;,
  0.050104;0.398874;0.132658;,
  0.025344;0.434319;0.118370;,
  0.033832;0.400842;0.144987;,
  0.024284;0.346321;0.168775;,
  0.058560;0.359727;0.134542;,
  0.089322;0.359840;0.114800;,
  0.039062;0.356483;0.149978;,
  0.167323;0.365622;0.092952;,
  0.169165;0.402172;0.072257;,
  0.158015;0.398300;0.068626;,
  0.155140;0.375676;0.095683;,
  0.143868;0.403518;0.075490;,
  0.124484;0.390719;0.102317;,
  0.125618;0.373877;0.099612;,
  0.131403;0.345594;0.101061;,
  0.166251;0.356614;0.104646;,
  0.190830;0.335792;0.099461;,
  0.176352;0.371111;0.094341;,
  0.198934;0.346186;0.087023;,
  0.209501;0.330329;0.088773;,
  0.205095;0.315374;0.103335;,
  0.233753;0.290162;0.103274;,
  0.245301;0.297316;0.092068;,
  0.229378;0.282246;0.096880;,
  0.241076;0.290039;0.082232;,
  0.211004;0.328833;0.084671;,
  0.241076;0.290039;0.082232;,
  0.207265;0.318997;0.077137;,
  0.201948;0.344320;0.081579;,
  0.197748;0.362831;0.068098;,
  0.194951;0.368597;0.077665;,
  0.193244;0.391496;0.058542;,
  0.196439;0.385345;0.051363;,
  0.176594;0.323165;0.092877;,
  0.181620;0.336589;0.114471;,
  0.171503;0.320976;0.098143;,
  0.198774;0.303191;0.097120;,
  0.229378;0.282246;0.096880;,
  0.620856;0.283845;-0.114320;,
  0.682301;0.269214;-0.124898;,
  0.677180;0.267212;-0.136818;,
  0.624273;0.287560;-0.102069;,
  0.560970;0.321572;-0.110101;,
  0.586801;0.308560;-0.121825;,
  0.574916;0.329430;-0.126243;,
  0.605131;0.317868;-0.134880;,
  0.600476;0.296413;-0.115764;,
  0.603549;0.301177;-0.106160;,
  0.590063;0.291741;-0.081211;,
  0.624700;0.280785;-0.095955;,
  0.682188;0.262586;-0.120413;,
  0.762833;0.242669;-0.164232;,
  0.677059;0.282046;-0.147825;,
  0.600248;0.319547;-0.174245;,
  0.562596;0.344460;-0.173162;,
  0.545499;0.324707;-0.144049;,
  0.552006;0.316908;-0.126053;,
  0.520404;0.322313;-0.125822;,
  0.644727;0.295328;-0.180387;,
  0.516525;0.315744;-0.087981;,
  0.491626;0.318961;-0.080484;,
  0.518678;0.302346;-0.064380;,
  0.504625;0.328802;-0.101088;,
  0.507746;0.333886;-0.098357;,
  0.502704;0.327233;-0.119056;,
  0.518292;0.331291;-0.102698;,
  0.525277;0.317268;-0.110061;,
  0.472781;0.318253;-0.091680;,
  0.500070;0.323133;-0.113598;,
  0.520879;0.320835;-0.086019;,
  0.535449;0.311995;-0.083318;,
  0.527573;0.319383;-0.093903;,
  0.518292;0.331291;-0.102698;,
  0.554837;0.310413;-0.092179;,
  0.589624;0.310838;-0.112941;,
  0.533105;0.306554;-0.083655;,
  0.551363;0.298885;-0.088329;,
  0.535641;0.298823;-0.069515;,
  0.570663;0.298132;-0.072664;,
  0.570656;0.300853;-0.075793;,
  0.562547;0.288968;-0.082491;,
  0.562440;0.290781;-0.085053;,
  0.555257;0.292297;-0.082825;,
  0.558077;0.295346;-0.082741;,
  0.559340;0.309876;-0.078763;,
  0.558971;0.313321;-0.085168;,
  0.015421;0.494839;0.037597;,
  0.029985;0.465306;0.088049;,
  0.031931;0.475980;0.044433;,
  0.052481;0.461603;0.044560;,
  0.046789;0.454424;0.083594;,
  0.080911;0.436519;0.081890;,
  0.084294;0.444096;0.040381;,
  0.016148;0.451701;0.138671;,
  0.025344;0.434319;0.118370;,
  0.045668;0.427063;0.108782;,
  0.078688;0.417885;0.096160;,
  0.122218;0.410750;0.085141;,
  -0.007989;0.475722;0.097393;,
  0.019060;0.485276;0.090936;,
  -0.010031;0.448912;0.137283;,
  -0.038986;0.483337;0.115490;,
  -0.036184;0.456172;0.147270;,
  -0.112226;0.513458;0.157187;,
  -0.110391;0.483794;0.183557;,
  -0.128785;0.506416;0.118990;,
  -0.048194;0.485596;0.086724;,
  -0.020312;0.485053;0.069425;,
  -0.452406;0.561529;0.294711;,
  -0.483241;0.594863;0.263428;,
  -0.494255;0.563474;0.299634;,
  -0.411145;0.636224;0.178871;,
  -0.359604;0.626946;0.184892;,
  -0.360872;0.642799;0.140568;,
  -0.394495;0.624658;0.207761;,
  -0.459073;0.621708;0.223049;,
  -0.427542;0.611216;0.234595;,
  -0.440300;0.591308;0.263404;,
  -0.437100;0.574484;0.308436;,
  -0.427737;0.601751;0.276309;,
  -0.342421;0.546847;0.270873;,
  -0.383886;0.632014;0.219434;,
  -0.328857;0.604200;0.206742;,
  -0.356757;0.632952;0.199501;,
  -0.413516;0.621381;0.248331;,
  -0.328853;0.559132;0.249888;,
  -0.288133;0.577600;0.208919;,
  -0.240470;0.542156;0.203062;,
  -0.331090;0.595191;0.193973;,
  -0.292179;0.569949;0.194537;,
  -0.246950;0.536596;0.188456;,
  -0.169756;0.511402;0.167461;,
  -0.129144;0.512422;0.113686;,
  -0.175884;0.528297;0.128897;,
  -0.222754;0.543180;0.144998;,
  -0.269076;0.561894;0.157215;,
  -0.285983;0.572435;0.158006;,
  -0.319839;0.599113;0.154860;,
  -0.237973;0.516063;0.228909;,
  -0.163030;0.520177;0.178988;,
  -0.112226;0.513458;0.157187;,
  -0.128785;0.506416;0.118990;,
  -0.110391;0.483794;0.183557;,
