xof 0303txt 0032
template ColorRGBA {
 <35ff44e0-6c7c-11cf-8f52-0040333594a3>
 FLOAT red;
 FLOAT green;
 FLOAT blue;
 FLOAT alpha;
}

template ColorRGB {
 <d3e16e81-7835-11cf-8f52-0040333594a3>
 FLOAT red;
 FLOAT green;
 FLOAT blue;
}

template Material {
 <3d82ab4d-62da-11cf-ab39-0020af71e433>
 ColorRGBA faceColor;
 FLOAT power;
 ColorRGB specularColor;
 ColorRGB emissiveColor;
 [...]
}

template TextureFilename {
 <a42790e1-7810-11cf-8f52-0040333594a3>
 STRING filename;
}

template Frame {
 <3d82ab46-62da-11cf-ab39-0020af71e433>
 [...]
}

template Matrix4x4 {
 <f6f23f45-7686-11cf-8f52-0040333594a3>
 array FLOAT matrix[16];
}

template FrameTransformMatrix {
 <f6f23f41-7686-11cf-8f52-0040333594a3>
 Matrix4x4 frameMatrix;
}

template Vector {
 <3d82ab5e-62da-11cf-ab39-0020af71e433>
 FLOAT x;
 FLOAT y;
 FLOAT z;
}

template MeshFace {
 <3d82ab5f-62da-11cf-ab39-0020af71e433>
 DWORD nFaceVertexIndices;
 array DWORD faceVertexIndices[nFaceVertexIndices];
}

template Mesh {
 <3d82ab44-62da-11cf-ab39-0020af71e433>
 DWORD nVertices;
 array Vector vertices[nVertices];
 DWORD nFaces;
 array MeshFace faces[nFaces];
 [...]
}

template MeshNormals {
 <f6f23f43-7686-11cf-8f52-0040333594a3>
 DWORD nNormals;
 array Vector normals[nNormals];
 DWORD nFaceNormals;
 array MeshFace faceNormals[nFaceNormals];
}

template MeshMaterialList {
 <f6f23f42-7686-11cf-8f52-0040333594a3>
 DWORD nMaterials;
 DWORD nFaceIndexes;
 array DWORD faceIndexes[nFaceIndexes];
 [Material <3d82ab4d-62da-11cf-ab39-0020af71e433>]
}

template Coords2d {
 <f6f23f44-7686-11cf-8f52-0040333594a3>
 FLOAT u;
 FLOAT v;
}

template MeshTextureCoords {
 <f6f23f40-7686-11cf-8f52-0040333594a3>
 DWORD nTextureCoords;
 array Coords2d textureCoords[nTextureCoords];
}

template XSkinMeshHeader {
 <3cf169ce-ff7c-44ab-93c0-f78f62d172e2>
 WORD nMaxSkinWeightsPerVertex;
 WORD nMaxSkinWeightsPerFace;
 WORD nBones;
}

template SkinWeights {
 <6f0d123b-bad2-4167-a0d0-80224f25fabb>
 STRING transformNodeName;
 DWORD nWeights;
 array DWORD vertexIndices[nWeights];
 array FLOAT weights[nWeights];
 Matrix4x4 matrixOffset;
}

template AnimTicksPerSecond {
 <9e415a43-7ba6-4a73-8743-b73d47e88476>
 DWORD AnimTicksPerSecond;
}

template Animation {
 <3d82ab4f-62da-11cf-ab39-0020af71e433>
 [...]
}

template AnimationSet {
 <3d82ab50-62da-11cf-ab39-0020af71e433>
 [Animation <3d82ab4f-62da-11cf-ab39-0020af71e433>]
}

template FloatKeys {
 <10dd46a9-775b-11cf-8f52-0040333594a3>
 DWORD nValues;
 array FLOAT values[nValues];
}

template TimedFloatKeys {
 <f406b180-7b3b-11cf-8f52-0040333594a3>
 DWORD time;
 FloatKeys tfkeys;
}

template AnimationKey {
 <10dd46a8-775b-11cf-8f52-0040333594a3>
 DWORD keyType;
 DWORD nKeys;
 array TimedFloatKeys keys[nKeys];
}


Material KalanHeavyWarrior_MI {
 1.000000;1.000000;1.000000;1.000000;;
 10.000000;
 0.000000;0.000000;0.000000;;
 0.000000;0.000000;0.000000;;

 TextureFilename {
  "KalanHeavyWarrior_diff.tga";
 }
}

Frame Dummy_root {
 

 FrameTransformMatrix {
  1.000000,-0.000000,0.000000,0.000000,0.000000,1.000000,-0.000000,0.000000,0.000000,0.000000,1.000000,0.000000,0.000000,0.000000,0.000000,1.000000;;
 }

 Frame FxBottom {
  

  FrameTransformMatrix {
   1.000000,0.000000,0.000000,0.000000,0.000000,1.000000,0.000000,0.000000,0.000000,0.000000,1.000000,0.000000,0.000000,0.000000,-0.000000,1.000000;;
  }
 }

 Frame Bip01 {
  

  FrameTransformMatrix {
   0.924682,-0.006388,-0.380686,0.000000,-0.096830,0.963038,-0.251359,0.000000,0.368221,0.269289,0.889886,0.000000,-0.001997,0.936682,0.077096,1.000000;;
  }

  Frame Bip01-Pelvis {
   

   FrameTransformMatrix {
    0.000002,-0.000000,-1.000000,0.000000,0.997899,0.064780,0.000002,0.000000,0.064780,-0.997900,0.000000,0.000000,0.000000,0.000000,0.000000,1.000000;;
   }

   Frame Bip01-Spine {
    

    FrameTransformMatrix {
     0.952153,-0.005335,-0.305573,0.000000,0.024743,0.997911,0.059677,0.000000,0.304617,-0.064383,0.950297,0.000000,-0.000149,0.000000,-0.177524,1.000000;;
    }

    Frame Bip01-L-Thigh {
     

     FrameTransformMatrix {
      0.674600,-0.193129,-0.712472,0.000000,0.373906,-0.742798,0.555379,0.000000,-0.636483,-0.641056,-0.428879,0.000000,0.004661,0.259831,0.177462,1.000000;;
     }

     Frame Bip01-L-Calf {
      

      FrameTransformMatrix {
       -0.101579,-0.000000,-0.994828,0.000000,0.000000,1.000000,-0.000000,0.000000,0.994828,-0.000000,-0.101579,0.000000,-0.000000,-0.000000,-0.474847,1.000000;;
      }

      Frame Bip01-L-HorseLink {
       

       FrameTransformMatrix {
        0.390436,0.000000,0.920630,0.000000,-0.000000,1.000000,0.000000,0.000000,-0.920630,-0.000000,0.390436,0.000000,-0.000000,-0.000000,-0.272764,1.000000;;
       }

       Frame Bip01-L-Foot {
        

        FrameTransformMatrix {
         0.753335,-0.197447,-0.627296,0.000000,0.475242,0.822772,0.311755,0.000000,0.454566,-0.532974,0.713658,0.000000,-0.000000,0.000000,-0.108315,1.000000;;
        }

        Frame Bip01-L-Toe0 {
         

         FrameTransformMatrix {
          -0.000000,0.000000,1.000000,0.000000,-0.000000,1.000000,-0.000000,0.000000,-1.000000,-0.000000,0.000000,0.000000,0.173858,0.000000,-0.119405,1.000000;;
         }

         Frame Bip01-L-Toe0Nub {
          

          FrameTransformMatrix {
           -1.000000,-0.000000,-0.000690,0.000000,-0.000000,1.000000,-0.000000,0.000000,0.000690,-0.000000,-1.000000,0.000000,0.000000,0.000000,-0.012737,1.000000;;
          }
         }
        }
       }
      }
     }
    }

    Frame Bip01-R-Thigh {
     

     FrameTransformMatrix {
      0.720819,-0.547730,-0.424749,0.000000,-0.691011,-0.520081,-0.502015,0.000000,0.054066,0.655368,-0.753372,0.000000,0.004663,-0.259831,0.177462,1.000000;;
     }

     Frame Bip01-R-Calf {
      

      FrameTransformMatrix {
       -0.570693,-0.000000,-0.821164,0.000000,-0.000000,1.000000,-0.000000,0.000000,0.821163,0.000000,-0.570694,0.000000,-0.000000,0.000000,-0.474847,1.000000;;
      }

      Frame Bip01-R-HorseLink {
       

       FrameTransformMatrix {
        0.066462,0.000000,0.997789,0.000000,-0.000000,1.000000,-0.000000,0.000000,-0.997789,0.000000,0.066462,0.000000,-0.000000,0.000000,-0.272764,1.000000;;
       }

       Frame Bip01-R-Foot {
        

        FrameTransformMatrix {
         0.993832,0.081174,0.075552,0.000000,-0.034861,0.875458,-0.482034,0.000000,-0.105271,0.476428,0.872889,0.000000,0.000000,-0.000000,-0.108315,1.000000;;
        }

        Frame Bip01-R-Toe0 {
         

         FrameTransformMatrix {
          -0.099511,0.135031,0.985831,0.000000,0.073904,0.989016,-0.128007,0.000000,-0.992288,0.060119,-0.108397,0.000000,0.173858,-0.000000,-0.119405,1.000000;;
         }

         Frame Bip01-R-Toe0Nub {
          

          FrameTransformMatrix {
           1.000000,-0.000000,-0.000000,0.000000,-0.000000,1.000000,0.000000,0.000000,-0.000000,0.000000,1.000000,0.000000,-0.000000,-0.000000,-0.012737,1.000000;;
          }
         }
        }
       }
      }
     }
    }

    Frame Bip01-Spine1 {
     

     FrameTransformMatrix {
      0.818968,-0.051854,0.571492,0.000000,-0.109796,0.963350,0.244749,0.000000,-0.563238,-0.263189,0.783259,0.000000,-0.000276,0.000000,-0.187693,1.000000;;
     }

     Frame Bip01-Neck {
      

      FrameTransformMatrix {
       0.092639,0.043813,0.994735,0.000000,0.238064,0.969082,-0.064853,0.000000,-0.966822,0.242819,0.079344,0.000000,0.071096,0.000000,-0.360221,1.000000;;
      }

      Frame Bip01-Head {
       

       FrameTransformMatrix {
        -0.203965,0.565356,-0.799232,0.000000,-0.067976,0.806245,0.587664,0.000000,0.976616,0.174191,-0.126015,0.000000,-0.000000,0.000000,-0.075284,1.000000;;
       }

       Frame Bip01-HeadNub {
        

        FrameTransformMatrix {
         1.000000,-0.000000,-0.000000,0.000000,0.000000,1.000000,-0.000000,0.000000,0.000000,0.000000,1.000000,0.000000,-0.000000,-0.000000,-0.199545,1.000000;;
        }
       }

       Frame FxTop {
        

        FrameTransformMatrix {
         -0.020235,0.999080,0.037806,0.000000,-0.325641,0.029166,-0.945044,0.000000,-0.945277,-0.031434,0.324751,0.000000,0.116889,0.001997,-0.133720,1.000000;;
        }
       }
      }

      Frame Bip01-L-Clavicle {
       

       FrameTransformMatrix {
        -0.093017,-0.264692,0.959836,0.000000,-0.952506,0.304404,-0.008362,0.000000,-0.289965,-0.915028,-0.280436,0.000000,-0.164347,0.141624,0.097444,1.000000;;
       }

       Frame Bip01-L-UpperArm {
        

        FrameTransformMatrix {
         0.719802,-0.665285,-0.198193,0.000000,0.566818,0.728100,-0.385472,0.000000,0.400753,0.165124,0.901183,0.000000,-0.000000,-0.000000,-0.156189,1.000000;;
        }

        Frame Bip01-L-Forearm {
         

         FrameTransformMatrix {
          -0.034838,0.000000,-0.999393,0.000000,-0.000000,1.000000,0.000000,0.000000,0.999393,0.000000,-0.034838,0.000000,0.000000,0.000000,-0.624798,1.000000;;
         }

         Frame Bip01-L-Hand {
          

          FrameTransformMatrix {
           -0.748278,-0.511611,-0.422296,0.000000,0.618937,-0.767508,-0.166878,0.000000,-0.238739,-0.386246,0.890964,0.000000,0.000000,0.000000,-0.449291,1.000000;;
          }

          Frame Bip01-L-Finger0 {
           

           FrameTransformMatrix {
            0.133493,0.797628,-0.588191,0.000000,-0.975277,0.000266,-0.220985,0.000000,-0.176107,0.603149,0.777944,0.000000,0.085363,-0.148338,-0.125315,1.000000;;
           }

           Frame Bip01-L-Finger01 {
            

            FrameTransformMatrix {
             0.811294,-0.000000,0.584638,0.000000,0.000000,1.000000,-0.000000,0.000000,-0.584638,0.000000,0.811294,0.000000,-0.000000,0.000000,-0.131707,1.000000;;
            }

            Frame Bip01-L-Finger02 {
             

             FrameTransformMatrix {
              0.406736,-0.000000,0.913546,0.000000,-0.000000,1.000000,0.000000,0.000000,-0.913546,-0.000000,0.406737,0.000000,-0.000000,0.000000,-0.101412,1.000000;;
             }

             Frame Bip01-L-Finger0Nub {
              

              FrameTransformMatrix {
               1.000000,-0.000000,-0.000000,0.000000,0.000000,1.000000,-0.000000,0.000000,-0.000000,0.000000,1.000000,0.000000,-0.000000,0.000000,-0.165379,1.000000;;
              }
             }
            }
           }
          }

          Frame Bip01-L-Finger1 {
           

           FrameTransformMatrix {
            0.978801,-0.179443,-0.098735,0.000000,0.163111,0.974501,-0.154087,0.000000,0.123868,0.134716,0.983112,0.000000,-0.002632,-0.056774,-0.316082,1.000000;;
           }

           Frame Bip01-L-Finger11 {
            

            FrameTransformMatrix {
             0.629321,-0.000000,0.777146,0.000000,0.000000,1.000000,-0.000000,0.000000,-0.777146,0.000000,0.629320,0.000000,0.000000,0.000000,-0.142922,1.000000;;
            }

            Frame Bip01-L-Finger12 {
             

             FrameTransformMatrix {
              0.333807,-0.000000,0.942641,0.000000,-0.000000,1.000000,0.000000,0.000000,-0.942641,-0.000000,0.333807,0.000000,-0.000000,0.000000,-0.107505,1.000000;;
             }

             Frame Bip01-L-Finger1Nub {
              

              FrameTransformMatrix {
               1.000000,-0.000000,-0.000000,0.000000,0.000000,1.000000,0.000000,0.000000,0.000000,-0.000000,1.000000,0.000000,-0.000000,-0.000000,-0.118080,1.000000;;
              }
             }
            }
           }
          }

          Frame Bip01-L-Finger2 {
           

           FrameTransformMatrix {
            0.675654,0.021923,0.736892,0.000000,-0.023544,0.999690,-0.008154,0.000000,-0.736842,-0.011840,0.675961,0.000000,0.000005,0.006845,-0.310818,1.000000;;
           }

           Frame Bip01-L-Finger21 {
            

            FrameTransformMatrix {
             0.641453,0.000000,0.767163,0.000000,-0.000000,1.000000,0.000000,0.000000,-0.767163,-0.000000,0.641453,0.000000,0.000000,0.000000,-0.167426,1.000000;;
            }

            Frame Bip01-L-Finger22 {
             

             FrameTransformMatrix {
              0.644755,0.000000,0.764390,0.000000,-0.000000,1.000000,0.000000,0.000000,-0.764390,0.000000,0.644755,0.000000,-0.000000,0.000000,-0.121322,1.000000;;
             }

             Frame Bip01-L-Finger2Nub {
              

              FrameTransformMatrix {
               1.000000,-0.000000,0.000000,0.000000,0.000000,1.000000,0.000000,0.000000,0.000000,-0.000000,1.000000,0.000000,-0.000000,-0.000000,-0.139880,1.000000;;
              }
             }
            }
           }
          }

          Frame Bip01-L-Finger3 {
           

           FrameTransformMatrix {
            0.397826,0.034824,0.916800,0.000000,-0.061041,0.998070,-0.011423,0.000000,-0.915428,-0.051418,0.399184,0.000000,-0.000022,0.085156,-0.310612,1.000000;;
           }

           Frame Bip01-L-Finger31 {
            

            FrameTransformMatrix {
             0.957047,-0.000000,0.289932,0.000000,0.000000,1.000000,-0.000000,0.000000,-0.289932,-0.000000,0.957048,0.000000,-0.000000,0.000000,-0.131738,1.000000;;
            }

            Frame Bip01-L-Finger32 {
             

             FrameTransformMatrix {
              0.981117,0.000000,0.193413,0.000000,0.000000,1.000000,-0.000000,0.000000,-0.193413,0.000000,0.981117,0.000000,-0.000000,0.000000,-0.094676,1.000000;;
             }

             Frame Bip01-L-Finger3Nub {
              

              FrameTransformMatrix {
               1.000000,-0.000000,-0.000000,0.000000,0.000000,1.000000,-0.000000,0.000000,-0.000000,-0.000000,1.000000,0.000000,0.000000,-0.000000,-0.109074,1.000000;;
              }
             }
            }
           }
          }

          Frame Bip01-L-Finger4 {
           

           FrameTransformMatrix {
            0.594342,-0.686616,0.418709,0.000000,0.293891,0.670070,0.681640,0.000000,-0.748589,-0.282072,0.600041,0.000000,0.018049,0.109447,-0.194096,1.000000;;
           }

           Frame Bip01-L-Finger41 {
            

            FrameTransformMatrix {
             0.960315,0.000000,0.278918,0.000000,-0.000000,1.000000,0.000000,0.000000,-0.278918,-0.000000,0.960315,0.000000,-0.000000,0.000000,-0.103369,1.000000;;
            }

            Frame Bip01-L-Finger42 {
             

             FrameTransformMatrix {
              0.988617,-0.000000,0.150453,0.000000,0.000000,1.000000,0.000000,0.000000,-0.150453,0.000000,0.988617,0.000000,0.000000,0.000000,-0.119752,1.000000;;
             }

             Frame Bip01-L-Finger4Nub {
              

              FrameTransformMatrix {
               1.000000,0.000000,0.000000,0.000000,-0.000000,1.000000,-0.000000,0.000000,-0.000000,0.000000,1.000000,0.000000,0.000000,-0.000000,-0.114567,1.000000;;
              }
             }
            }
           }
          }

          Frame Bone10 {
           

           FrameTransformMatrix {
            0.250878,0.367091,0.895715,0.000000,-0.783107,0.620895,-0.035123,0.000000,-0.569038,-0.692629,0.443240,0.000000,0.006012,0.089295,-0.008444,1.000000;;
           }

           Frame Bone11 {
            

            FrameTransformMatrix {
             0.999812,-0.000737,-0.019381,0.000000,-0.016753,0.470725,-0.882121,0.000000,0.009773,0.882280,0.470625,0.000000,0.000000,-0.000000,-0.105020,1.000000;;
            }

            Frame Bone12 {
             

             FrameTransformMatrix {
              0.997128,-0.011600,0.074845,0.000000,0.072768,0.420776,-0.904242,0.000000,-0.021004,0.907091,0.420411,0.000000,0.000000,0.000000,-0.120401,1.000000;;
             }
            }
           }
          }

          Frame Bone07 {
           

           FrameTransformMatrix {
            0.097338,0.658539,0.746225,0.000000,-0.872455,0.417247,-0.254414,0.000000,-0.478901,-0.626284,0.615160,0.000000,0.014402,0.093977,-0.094532,1.000000;;
           }

           Frame Bone08 {
            

            FrameTransformMatrix {
             0.999513,-0.008758,-0.029944,0.000000,0.003891,0.987290,-0.158883,0.000000,0.030955,0.158689,0.986843,0.000000,-0.000000,0.000000,-0.095698,1.000000;;
            }

            Frame Bone09 {
             

             FrameTransformMatrix {
              0.999998,-0.002160,-0.000162,0.000000,0.001980,0.942209,-0.335021,0.000000,0.000876,0.335020,0.942211,0.000000,-0.000000,-0.000000,-0.094861,1.000000;;
             }
            }
           }
          }

          Frame FxHand00 {
           

           FrameTransformMatrix {
            -0.953440,-0.243767,-0.177567,0.000000,0.283969,-0.923918,-0.256394,0.000000,-0.101557,-0.294880,0.950122,0.000000,0.148587,-0.002714,-0.227324,1.000000;;
           }
          }
         }

         Frame Bone13 {
          

          FrameTransformMatrix {
           0.271070,-0.537909,0.798233,0.000000,0.959513,0.216930,-0.179655,0.000000,-0.076523,0.814614,0.574934,0.000000,0.082064,0.051863,-0.376150,1.000000;;
          }

          Frame Bone14 {
           

           FrameTransformMatrix {
            0.998601,0.044780,0.028115,0.000000,-0.039032,0.983014,-0.179331,0.000000,-0.035668,0.177983,0.983387,0.000000,-0.000000,0.000000,-0.086724,1.000000;;
           }

           Frame Bone15 {
            

            FrameTransformMatrix {
             0.996287,-0.027784,-0.081486,0.000000,0.007116,0.969830,-0.243681,0.000000,0.085798,0.242197,0.966426,0.000000,0.000000,0.000000,-0.059512,1.000000;;
            }
           }
          }
         }
        }
       }

       Frame Bone05 {
        

        FrameTransformMatrix {
         0.324883,0.780317,-0.534374,0.000000,-0.944207,0.235311,-0.230438,0.000000,-0.054070,0.579426,0.813230,0.000000,0.010442,0.137524,0.013736,1.000000;;
        }

        Frame Bone06 {
         

         FrameTransformMatrix {
          -0.823824,0.000000,0.566846,0.000000,0.000000,1.000000,0.000000,0.000000,-0.566846,0.000000,-0.823824,0.000000,-0.000000,-0.000000,-0.456216,1.000000;;
         }

         Frame Bone25 {
          

          FrameTransformMatrix {
           -0.295711,0.104353,-0.949561,0.000000,-0.081918,0.987584,0.134043,0.000000,0.951759,0.117424,-0.283491,0.000000,-0.000000,0.000000,-0.350759,1.000000;;
          }

          Frame Bone26 {
           

           FrameTransformMatrix {
            1.000000,0.000000,0.000000,0.000000,0.000000,1.000000,0.000000,0.000000,0.000000,0.000000,1.000000,0.000000,0.000006,-0.000000,-0.503764,1.000000;;
           }
          }
         }
        }
       }

       Frame Dummy01 {
        

        FrameTransformMatrix {
         0.071182,0.967127,0.244128,0.000000,-0.972977,0.121220,-0.196522,0.000000,-0.219655,-0.223542,0.949621,0.000000,0.052507,0.225677,-0.140321,1.000000;;
        }
       }
      }

      Frame Bip01-R-Clavicle {
       

       FrameTransformMatrix {
        -0.085439,-0.111351,0.990102,0.000000,0.991560,0.087757,0.095435,0.000000,-0.097515,0.989899,0.102913,0.000000,-0.164346,-0.141625,0.097444,1.000000;;
       }

       Frame Bip01-R-UpperArm {
        

        FrameTransformMatrix {
         0.867625,-0.410808,0.280113,0.000000,0.055183,0.639437,0.766860,0.000000,-0.494147,-0.649890,0.577462,0.000000,0.000000,0.000000,-0.156189,1.000000;;
        }

        Frame Bip01-R-Forearm {
         

         FrameTransformMatrix {
          -0.127436,-0.000000,-0.991847,0.000000,-0.000000,1.000000,0.000000,0.000000,0.991847,-0.000000,-0.127436,0.000000,-0.000000,-0.000000,-0.624798,1.000000;;
         }

         Frame Bip01-R-Hand {
          

          FrameTransformMatrix {
           -0.083528,0.995559,-0.043417,0.000000,-0.991886,-0.078871,0.099711,0.000000,0.095844,0.051393,0.994069,0.000000,-0.000000,0.000000,-0.449291,1.000000;;
          }

          Frame Bip01-R-Finger0 {
           

           FrameTransformMatrix {
            0.079220,-0.948226,-0.307558,0.000000,0.431570,-0.245491,0.868033,0.000000,-0.898594,-0.201498,0.389778,0.000000,0.085363,0.148338,-0.125316,1.000000;;
           }

           Frame Bip01-R-Finger01 {
            

            FrameTransformMatrix {
             0.752004,-0.000000,0.659159,0.000000,0.000000,1.000000,-0.000000,0.000000,-0.659159,0.000000,0.752004,0.000000,-0.000000,0.000000,-0.131707,1.000000;;
            }

            Frame Bip01-R-Finger02 {
             

             FrameTransformMatrix {
              0.429769,0.000000,0.902939,0.000000,-0.000000,1.000000,-0.000000,0.000000,-0.902939,-0.000000,0.429769,0.000000,-0.000000,0.000000,-0.101412,1.000000;;
             }

             Frame Bip01-R-Finger0Nub {
              

              FrameTransformMatrix {
               -1.000000,0.000000,-0.000690,0.000000,-0.000000,1.000000,-0.000000,0.000000,0.000690,-0.000000,-1.000000,0.000000,0.000000,0.000000,-0.165379,1.000000;;
              }
             }
            }
           }
          }

          Frame Bip01-R-Finger1 {
           

           FrameTransformMatrix {
            0.256026,0.351030,0.900683,0.000000,-0.122080,0.936019,-0.330099,0.000000,-0.958931,-0.025441,0.282498,0.000000,-0.002631,0.056774,-0.316082,1.000000;;
           }

           Frame Bip01-R-Finger11 {
            

            FrameTransformMatrix {
             0.296548,-0.000000,0.955018,0.000000,-0.000000,1.000000,0.000000,0.000000,-0.955018,-0.000000,0.296548,0.000000,-0.000000,-0.000000,-0.142922,1.000000;;
            }

            Frame Bip01-R-Finger12 {
             

             FrameTransformMatrix {
              0.508772,0.000000,0.860902,0.000000,-0.000000,1.000000,0.000000,0.000000,-0.860902,-0.000000,0.508772,0.000000,-0.000000,-0.000000,-0.107505,1.000000;;
             }

             Frame Bip01-R-Finger1Nub {
              

              FrameTransformMatrix {
               -1.000000,0.000000,0.000691,0.000000,0.000000,1.000000,-0.000000,0.000000,-0.000691,-0.000000,-1.000000,0.000000,-0.000000,0.000000,-0.118080,1.000000;;
              }
             }
            }
           }
          }

          Frame Bip01-R-Finger2 {
           

           FrameTransformMatrix {
            -0.128102,0.472376,0.872038,0.000000,0.059053,0.881356,-0.468749,0.000000,-0.990002,-0.008552,-0.140798,0.000000,0.000006,-0.006845,-0.310818,1.000000;;
           }

           Frame Bip01-R-Finger21 {
            

            FrameTransformMatrix {
             0.532923,-0.000000,0.846164,0.000000,0.000000,1.000000,0.000000,0.000000,-0.846164,-0.000000,0.532922,0.000000,0.000000,0.000000,-0.167426,1.000000;;
            }

            Frame Bip01-R-Finger22 {
             

             FrameTransformMatrix {
              0.214657,-0.000000,0.976689,0.000000,-0.000000,1.000000,0.000000,0.000000,-0.976689,-0.000000,0.214657,0.000000,-0.000000,-0.000000,-0.121322,1.000000;;
             }

             Frame Bip01-R-Finger2Nub {
              

              FrameTransformMatrix {
               -1.000000,-0.000000,-0.000690,0.000000,-0.000000,1.000000,0.000000,0.000000,0.000690,0.000000,-1.000000,0.000000,0.000000,0.000000,-0.139880,1.000000;;
              }
             }
            }
           }
          }

          Frame Bip01-R-Finger3 {
           

           FrameTransformMatrix {
            -0.512052,0.385567,0.767556,0.000000,0.166717,0.921211,-0.351532,0.000000,-0.842620,-0.052038,-0.535989,0.000000,-0.000022,-0.085156,-0.310612,1.000000;;
           }

           Frame Bip01-R-Finger31 {
            

            FrameTransformMatrix {
             0.965626,-0.000000,0.259937,0.000000,0.000000,1.000000,-0.000000,0.000000,-0.259937,0.000000,0.965626,0.000000,-0.000000,0.000000,-0.131737,1.000000;;
            }

            Frame Bip01-R-Finger32 {
             

             FrameTransformMatrix {
              0.540241,-0.000000,0.841510,0.000000,0.000000,1.000000,0.000000,0.000000,-0.841510,0.000000,0.540241,0.000000,0.000000,-0.000000,-0.094676,1.000000;;
             }

             Frame Bip01-R-Finger3Nub {
              

              FrameTransformMatrix {
               -1.000000,0.000000,0.000691,0.000000,0.000000,1.000000,0.000000,0.000000,-0.000691,0.000000,-1.000000,0.000000,-0.000000,0.000000,-0.109074,1.000000;;
              }
             }
            }
           }
          }

          Frame Bip01-R-Finger4 {
           

           FrameTransformMatrix {
            0.119962,0.707005,0.696960,0.000000,0.205643,0.669108,-0.714147,0.000000,-0.971247,0.228995,-0.065123,0.000000,0.018049,-0.109447,-0.194096,1.000000;;
           }

           Frame Bip01-R-Finger41 {
            

            FrameTransformMatrix {
             0.753877,-0.000000,0.657015,0.000000,0.000000,1.000000,-0.000000,0.000000,-0.657015,0.000000,0.753877,0.000000,-0.000000,-0.000000,-0.103369,1.000000;;
            }

            Frame Bip01-R-Finger42 {
             

             FrameTransformMatrix {
              0.134321,0.000000,0.990938,0.000000,-0.000000,1.000000,-0.000000,0.000000,-0.990938,-0.000000,0.134321,0.000000,0.000000,0.000000,-0.119752,1.000000;;
             }

             Frame Bip01-R-Finger4Nub {
              

              FrameTransformMatrix {
               -1.000000,-0.000000,0.000691,0.000000,-0.000000,1.000000,-0.000000,0.000000,-0.000691,-0.000000,-1.000000,0.000000,-0.000000,0.000000,-0.114567,1.000000;;
              }
             }
            }
           }
          }

          Frame Bone19 {
           

           FrameTransformMatrix {
            -0.001925,0.168221,-0.985748,0.000000,-0.934812,-0.350382,-0.057968,0.000000,-0.355139,0.921377,0.157929,0.000000,0.001492,-0.066744,-0.007045,1.000000;;
           }

           Frame Bone20 {
            

            FrameTransformMatrix {
             0.999815,0.000335,0.019235,0.000000,0.018719,0.213672,-0.976726,0.000000,-0.004437,0.976906,0.213626,0.000000,-0.000000,-0.000000,-0.105020,1.000000;;
            }

            Frame Bone21 {
             

             FrameTransformMatrix {
              0.997104,0.014365,-0.074684,0.000000,-0.076041,0.171078,-0.982319,0.000000,-0.001334,0.985153,0.171675,0.000000,-0.000000,0.000000,-0.120400,1.000000;;
             }
            }
           }
          }

          Frame Bone16 {
           

           FrameTransformMatrix {
            0.289108,0.366521,-0.884352,0.000000,-0.713777,-0.533065,-0.454274,0.000000,-0.637918,0.762564,0.107501,0.000000,0.026187,-0.075141,-0.080663,1.000000;;
           }

           Frame Bone17 {
            

            FrameTransformMatrix {
             0.999711,0.004373,0.023636,0.000000,0.018411,0.492915,-0.869882,0.000000,-0.015455,0.870067,0.492693,0.000000,-0.000000,0.000000,-0.095698,1.000000;;
            }

            Frame Bone18 {
             

             FrameTransformMatrix {
              0.999999,0.001501,-0.000802,0.000000,-0.001589,0.654908,-0.755707,0.000000,-0.000609,0.755707,0.654910,0.000000,0.000000,-0.000000,-0.094861,1.000000;;
             }
            }
           }
          }

          Frame Bip01-Prop1 {
           

           FrameTransformMatrix {
            0.983818,0.128286,0.125085,0.000000,0.029939,0.570603,-0.820680,0.000000,-0.176656,0.811144,0.557528,0.000000,0.000000,0.000000,0.000000,1.000000;;
           }

           Frame objmonster_KalanHeavyWarrior_w {
            

            FrameTransformMatrix {
             -0.000000,-0.000001,-1.000000,0.000000,0.000000,-1.000000,0.000001,0.000000,-1.000000,-0.000000,0.000000,0.000000,1.382290,1.977010,0.028198,1.000000;;
            }
           }
          }

          Frame FxHand01 {
           

           FrameTransformMatrix {
            0.741219,0.258687,0.619415,0.000000,-0.666298,0.395556,0.632125,0.000000,-0.081491,-0.881258,0.465557,0.000000,0.153821,0.013844,-0.226773,1.000000;;
           }
          }
         }

         Frame Bone22 {
          

          FrameTransformMatrix {
           -0.245575,-0.139695,-0.959259,0.000000,0.332804,-0.941566,0.051919,0.000000,-0.910458,-0.306496,0.277716,0.000000,0.073520,-0.031837,-0.377596,1.000000;;
          }

          Frame Bone23 {
           

           FrameTransformMatrix {
            0.998601,-0.044780,-0.028116,0.000000,0.037328,0.973656,-0.224948,0.000000,0.037448,0.223584,0.973965,0.000000,-0.000000,0.000000,-0.086724,1.000000;;
           }

           Frame Bone24 {
            

            FrameTransformMatrix {
             0.996287,0.027785,0.081486,0.000000,0.033750,0.744689,-0.666559,0.000000,-0.079202,0.666834,0.740986,0.000000,-0.000000,0.000000,-0.059512,1.000000;;
            }
           }
          }
         }
        }
       }

       Frame Bone27 {
        

        FrameTransformMatrix {
         -0.242261,0.775252,0.583347,0.000000,-0.969899,-0.208770,-0.125344,0.000000,0.024611,-0.596154,0.802493,0.000000,0.010442,-0.137446,0.014154,1.000000;;
        }

        Frame Bone28 {
         

         FrameTransformMatrix {
          -0.769376,0.000001,-0.638797,0.000000,0.000000,1.000000,0.000001,0.000000,0.638797,0.000000,-0.769376,0.000000,-0.000001,0.000000,-0.456216,1.000000;;
         }

         Frame Bone29 {
          

          FrameTransformMatrix {
           -0.090458,0.000202,0.995900,0.000000,0.512774,0.857269,0.046401,0.000000,-0.853745,0.514869,-0.077650,0.000000,-0.000000,-0.000000,-0.350759,1.000000;;
          }

          Frame Bone30 {
           

           FrameTransformMatrix {
            1.000000,-0.000002,0.000000,0.000000,0.000002,1.000000,0.000000,0.000000,0.000000,0.000000,1.000000,0.000000,-0.000006,0.000000,-0.503764,1.000000;;
           }
          }
         }
        }
       }

       Frame Dummy02 {
        

        FrameTransformMatrix {
         0.172348,0.974312,0.144956,0.000000,0.847394,-0.221679,0.482475,0.000000,0.502215,0.039681,-0.863832,0.000000,0.052499,-0.224955,-0.136384,1.000000;;
        }
       }
      }
     }

     Frame Bone01 {
      

      FrameTransformMatrix {
       0.000002,-1.000000,-0.000006,0.000000,-0.993186,-0.000001,-0.116544,0.000000,0.116544,0.000006,-0.993185,0.000000,-0.332497,0.001996,-0.288297,1.000000;;
      }

      Frame Bone02 {
       

       FrameTransformMatrix {
        0.989256,-0.039794,-0.140678,0.000000,-0.015701,0.927760,-0.372848,0.000000,0.145353,0.371051,0.917166,0.000000,-0.000000,0.000000,-0.386741,1.000000;;
       }

       Frame Bone03 {
        

        FrameTransformMatrix {
         0.991886,-0.020250,-0.125508,0.000000,-0.033650,0.910205,-0.412789,0.000000,0.122597,0.413663,0.902138,0.000000,0.000000,-0.000000,-0.291866,1.000000;;
        }

        Frame Bone04 {
         

         FrameTransformMatrix {
          0.984390,-0.085030,0.154097,0.000000,0.065487,0.989643,0.127742,0.000000,-0.163363,-0.115656,0.979763,0.000000,-0.000000,0.000000,-0.307712,1.000000;;
         }
        }
       }
      }

      Frame Bone32 {
       

       FrameTransformMatrix {
        -0.555485,0.180265,-0.811751,0.000000,0.070812,-0.962417,-0.262181,0.000000,-0.828506,-0.203120,0.521844,0.000000,0.004759,0.030695,-0.037131,1.000000;;
       }
      }

      Frame Bone31 {
       

       FrameTransformMatrix {
        -0.515242,-0.185702,0.836685,0.000000,0.183492,-0.977509,-0.103961,0.000000,0.837172,0.099960,0.537727,0.000000,0.004759,0.030695,-0.037131,1.000000;;
       }
      }
     }

     Frame FxCenter {
      

      FrameTransformMatrix {
       -0.390556,0.920052,-0.031158,0.000000,-0.540288,-0.256489,-0.801438,0.000000,-0.745356,-0.296172,0.597266,0.000000,0.025427,0.001997,-0.196503,1.000000;;
      }
     }
    }
   }
  }
 }
}

Frame KalanHeavyWarrior_Skel {
 

 FrameTransformMatrix {
  1.000000,0.000000,0.000000,0.000000,0.000000,1.000000,0.000000,0.000000,0.000000,0.000000,1.000000,0.000000,0.000000,0.000000,0.000000,1.000000;;
 }

 Mesh KalanHeavyWarrior_Skel {
  5078;
  0.797318;0.461705;0.008330;,
  0.818175;0.523971;0.005635;,
  0.818938;0.480594;0.008625;,
  -1.117073;0.575296;0.151883;,
  -1.125427;0.572406;0.162020;,
  -1.111058;0.575491;0.157609;,
  -1.142046;0.589404;0.140721;,
  -1.071281;0.597645;0.139031;,
  -1.104834;0.562471;0.145479;,
  -1.121064;0.579819;0.122256;,
  -1.117073;0.575296;0.151883;,
  -1.121546;0.566248;0.116993;,
  -1.185559;0.515941;0.132493;,
  -1.113750;0.552513;0.124020;,
  -1.180679;0.498520;0.138896;,
  -1.129581;0.515128;0.107133;,
  -1.074294;0.567086;0.116376;,
  -1.046773;0.557642;0.097821;,
  -1.060844;0.543273;0.103463;,
  -1.074294;0.567086;0.116376;,
  -1.057897;0.511475;0.111428;,
  -1.112984;0.483464;0.119308;,
  -1.160319;0.483116;0.097262;,
  -1.103193;0.445057;0.107600;,
  -1.050728;0.478380;0.104809;,
  -1.044990;0.521722;0.080984;,
  -1.023817;0.528280;0.073510;,
  -1.037651;0.554408;0.107881;,
  -1.017242;0.523686;0.083894;,
  -1.015330;0.488220;0.091277;,
  -1.008889;0.499673;0.097718;,
  -1.050728;0.478380;0.104809;,
  -1.068936;0.567424;0.126960;,
  -1.037357;0.604692;0.128761;,
  -0.987596;0.565145;0.096687;,
  -0.951283;0.540619;0.098668;,
  -1.360070;0.465526;0.208514;,
  -1.244324;0.523936;0.189995;,
  -1.219983;0.472856;0.125898;,
  -1.205579;0.515300;0.163055;,
  -1.211203;0.533580;0.151576;,
  -1.180126;0.583481;0.162422;,
  -1.141327;0.596263;0.145328;,
  -1.125094;0.577935;0.164982;,
  -1.356987;0.490921;0.235178;,
  -1.250179;0.547759;0.179971;,
  -1.364377;0.525171;0.240827;,
  -1.249399;0.561569;0.191910;,
  -1.366035;0.514705;0.228823;,
  -1.527655;0.454237;0.300842;,
  -1.565170;0.395451;0.274467;,
  -1.767322;0.330468;0.343582;,
  -1.696800;0.297212;0.267510;,
  -1.535820;0.479774;0.303901;,
  -1.804252;0.390358;0.422876;,
  -1.865147;0.333676;0.491305;,
  -1.850981;0.279388;0.431815;,
  -1.808834;0.237878;0.366301;,
  -1.727317;0.208268;0.286599;,
  -1.664917;0.205403;0.243966;,
  -1.624685;0.267224;0.275633;,
  -1.567347;0.311266;0.279824;,
  -1.477475;0.347474;0.256245;,
  -1.378664;0.381419;0.224524;,
  -1.301352;0.393584;0.186555;,
  -1.215133;0.393824;0.131857;,
  -1.143335;0.384888;0.077790;,
  0.957537;1.049393;-0.651456;,
  0.904811;1.123058;-0.589421;,
  0.988511;1.126947;-0.599268;,
  0.696818;0.902638;-0.681655;,
  0.797398;0.881939;-0.704469;,
  0.691507;0.811238;-0.702311;,
  0.769518;0.943832;-0.686756;,
  0.900492;0.966436;-0.692022;,
  0.840637;0.995767;-0.670442;,
  0.872509;1.055692;-0.639501;,
  0.874201;1.148968;-0.616871;,
  0.847616;1.080240;-0.662061;,
  0.684841;1.093695;-0.541746;,
  0.748804;0.966443;-0.703088;,
  0.692126;0.930371;-0.696915;,
  0.641572;0.955140;-0.638349;,
  0.812973;1.022207;-0.692488;,
  0.653423;1.051084;-0.559424;,
  0.564608;0.971036;-0.581260;,
  0.474163;0.974406;-0.503447;,
  0.645700;0.931837;-0.617503;,
  0.571957;0.943981;-0.562925;,
  0.486058;0.946041;-0.489505;,
  0.333440;0.921066;-0.424782;,
  0.338829;0.839764;-0.449310;,
  0.246048;0.819739;-0.408529;,
  0.431859;0.861725;-0.488680;,
  0.522830;0.875298;-0.534472;,
  0.431859;0.861725;-0.488680;,
  0.554701;0.872097;-0.558065;,
  0.617813;0.855187;-0.614297;,
  0.691507;0.811238;-0.702311;,
  0.475946;1.032125;-0.457818;,
  0.320230;0.942669;-0.444256;,
  0.217350;0.907917;-0.419480;,
  0.246764;0.831751;-0.397920;,
  0.220782;0.967588;-0.367114;,
  0.070558;0.842434;-0.340714;,
  0.020063;0.897825;-0.274567;,
  0.072368;0.912344;-0.294539;,
  0.007690;0.812583;-0.317433;,
  -0.032296;0.903401;-0.277343;,
  -0.048232;0.801097;-0.331542;,
  0.085197;0.783676;-0.339070;,
  0.027685;0.753275;-0.330365;,
  0.246764;0.831751;-0.397920;,
  0.217350;0.907917;-0.419480;,
  0.220782;0.967588;-0.367114;,
  -0.165984;0.803284;-0.225391;,
  -0.244436;0.821500;-0.170281;,
  -0.157376;0.835769;-0.192319;,
  -0.091337;0.854126;-0.217565;,
  -0.100208;0.797748;-0.265316;,
  -0.050689;0.868637;-0.236741;,
  -0.067664;0.801684;-0.289973;,
  -0.048568;0.692641;-0.337550;,
  -0.117121;0.719454;-0.269084;,
  -0.178645;0.719680;-0.229599;,
  -0.078124;0.712966;-0.299956;,
  -0.334647;0.731243;-0.185903;,
  -0.338330;0.804344;-0.144513;,
  -0.316029;0.796600;-0.137253;,
  -0.310279;0.751353;-0.191366;,
  -0.287735;0.807036;-0.150980;,
  -0.248969;0.781437;-0.204634;,
  -0.251236;0.747754;-0.199223;,
  -0.262806;0.691189;-0.202121;,
  -0.332502;0.713227;-0.209293;,
  -0.381660;0.671584;-0.198922;,
  -0.352705;0.742223;-0.188683;,
  -0.397869;0.692372;-0.174046;,
  -0.419001;0.660658;-0.177547;,
  -0.410190;0.630748;-0.206669;,
  -0.467506;0.580325;-0.206548;,
  -0.490602;0.594633;-0.184137;,
  -0.458757;0.564492;-0.193760;,
  -0.482151;0.580079;-0.164464;,
  -0.422007;0.657666;-0.169342;,
  -0.482151;0.580079;-0.164464;,
  -0.414530;0.637994;-0.154273;,
  -0.403896;0.688639;-0.163157;,
  -0.395495;0.725663;-0.136195;,
  -0.389901;0.737195;-0.155329;,
  -0.386488;0.782992;-0.117085;,
  -0.392878;0.770690;-0.102725;,
  -0.353188;0.646329;-0.185754;,
  -0.363239;0.673179;-0.228942;,
  -0.343006;0.641952;-0.196287;,
  -0.397547;0.606383;-0.194239;,
  -0.458757;0.564492;-0.193760;,
  -1.241713;0.567690;0.228641;,
  -1.364602;0.538429;0.249795;,
  -1.354360;0.534424;0.273637;,
  -1.248546;0.575121;0.204138;,
  -1.121941;0.643145;0.220203;,
  -1.173602;0.617120;0.243650;,
  -1.149831;0.658859;0.252487;,
  -1.210262;0.635736;0.269761;,
  -1.200953;0.592826;0.231529;,
  -1.207099;0.602353;0.212320;,
  -1.180126;0.583481;0.162422;,
  -1.249399;0.561569;0.191910;,
  -1.364377;0.525171;0.240827;,
  -1.525666;0.485338;0.328464;,
  -1.354119;0.564092;0.295650;,
  -1.200496;0.639094;0.348491;,
  -1.125192;0.688920;0.346324;,
  -1.090998;0.649414;0.288097;,
  -1.104011;0.633816;0.252106;,
  -1.040807;0.644626;0.251645;,
  -1.289454;0.590656;0.360775;,
  -1.033051;0.631488;0.175962;,
  -0.983253;0.637923;0.160968;,
  -1.037357;0.604692;0.128761;,
  -1.009250;0.657605;0.202176;,
  -1.015493;0.667771;0.196714;,
  -1.005409;0.654466;0.238113;,
  -1.036584;0.662581;0.205397;,
  -1.050553;0.634537;0.220122;,
  -0.945561;0.636506;0.183359;,
  -1.000141;0.646267;0.227196;,
  -1.041759;0.641669;0.172038;,
  -1.070898;0.623990;0.166636;,
  -1.055145;0.638766;0.187806;,
  -1.036584;0.662581;0.205397;,
  -1.109673;0.620827;0.184357;,
  -1.179249;0.621675;0.225882;,
  -1.066210;0.613108;0.167310;,
  -1.102727;0.597770;0.176657;,
  -1.071281;0.597645;0.139031;,
  -1.141327;0.596263;0.145328;,
  -1.141312;0.601706;0.151586;,
  -1.125094;0.577935;0.164982;,
  -1.124880;0.581561;0.170107;,
  -1.110514;0.584594;0.165650;,
  -1.116154;0.590691;0.165482;,
  -1.118681;0.619752;0.157526;,
  -1.117942;0.626642;0.170336;,
  -0.030841;0.989678;-0.075194;,
  -0.059970;0.930613;-0.176098;,
  -0.063861;0.951959;-0.088867;,
  -0.104961;0.923207;-0.089120;,
  -0.093578;0.908848;-0.167187;,
  -0.161821;0.873038;-0.163781;,
  -0.168588;0.888192;-0.080761;,
  -0.032296;0.903401;-0.277343;,
  -0.050689;0.868637;-0.236741;,
  -0.091337;0.854126;-0.217565;,
  -0.157376;0.835769;-0.192319;,
  -0.244436;0.821500;-0.170281;,
  0.015977;0.951444;-0.194785;,
  -0.038120;0.970551;-0.181872;,
  0.020063;0.897825;-0.274567;,
  0.077973;0.966674;-0.230980;,
  0.072368;0.912344;-0.294539;,
  0.224452;1.026917;-0.314374;,
  0.220782;0.967588;-0.367114;,
  0.257571;1.012833;-0.237980;,
  0.096387;0.971191;-0.173448;,
  0.040625;0.970106;-0.138850;,
  0.904811;1.123058;-0.589421;,
  0.966482;1.189726;-0.526857;,
  0.988511;1.126947;-0.599268;,
  0.822290;1.272448;-0.357743;,
  0.719207;1.253892;-0.369784;,
  0.721744;1.285597;-0.281136;,
  0.788990;1.249317;-0.415521;,
  0.918147;1.243415;-0.446097;,
  0.855085;1.222432;-0.469190;,
  0.880600;1.182616;-0.526808;,
  0.874201;1.148968;-0.616871;,
  0.855474;1.203502;-0.552618;,
  0.684841;1.093695;-0.541746;,
  0.767772;1.264028;-0.438868;,
  0.657715;1.208400;-0.413484;,
  0.713513;1.265904;-0.399001;,
  0.827032;1.242762;-0.496661;,
  0.657705;1.118265;-0.499776;,
  0.576265;1.155199;-0.417838;,
  0.480940;1.084311;-0.406124;,
  0.662180;1.190382;-0.387946;,
  0.584358;1.139898;-0.389073;,
  0.493899;1.073192;-0.376912;,
  0.339511;1.022804;-0.334923;,
  0.258288;1.024844;-0.227371;,
  0.351769;1.056595;-0.257795;,
  0.445507;1.086360;-0.289995;,
  0.538152;1.123788;-0.314431;,
  0.571966;1.144871;-0.316013;,
